============================================================
RX-RMCPTP to GWJ004 格式转换
转换时间: 2026-04-16 13:54:01
============================================================

[ 2026-04-14 18:12:44 ] 启动任务中，请稍后...
服务地址：HTTP://127.0.0.1:8282
[ 2026-04-14 18:12:44 ] 服务响应成功：
[ 2026-04-14 18:12:44 ] source建立数据通道成功，开始接收数据！

[ 2026-04-14 18:12:41.365 ] ,总的数据长度1062 ：
[ 2026-04-14 18:12:41.365 ] 总长度:1086
[ 2026-04-14 18:12:41.365 ] 解析原子数据帧头：
LEADER:-286331154 VER:1 STC:1776161560 TS:2026-4-14 18:12:41:365 PL:1062 EL:0
解析原子数据帧体:
扫频频谱观测数据:DT:12 DL:1057
频段序号:1  信道总数:1441
起始频率:137.0000MHz  结束频率:149.7750MHz  起始频率序号: 0
步长:25.0000kHz  帧信道数量:512
电平: -65  -63  -67  -71  -67  -78  -40  -58  -62  -65  -48  -99  -67  -48  -53  -60  -50  -72  -69  -72
        -57  -58  -71  -58  -54  -78  -74  -65  -77  -88  -79  -59  -56  -62  -57  -85  -82  -53  -61  -60
        -56  -45  -56  -67  -84  -73  -76  -53  -67  -63  -62  -68  -65  -82  -61  -53  -48  -74  -59  -71
        -54  -66  -67  -36  -51  -75  -68  -89  -80  -71  -74  -69  -88  -59  -75  -90  -76  -47  -63  -41
        -31  -69  -66  -80  -63  -51  -69  -46  -62  -52  -60  -75  -69  -56  -72  -64  -81  -67  -59  -79
        -72  -63  -70  -60  -62  -65  -66  -73  -72  -85  -62  -56  -68  -62  -67  -60  -69  -74  -59  -52
        -61  -67  -54  -60  -68  -58  -82  -56  -43  -47  -62  -70  -50  -50  -62  -45  -48  -60  -61  -75
        -57  -67  -58  -38  -48  -73  -58  -58  -53  -81  -74  -55  -54  -61  -70  -66  -76  -51  -52  -67
        -74  -66  -69  -48  -74  -65  -67  -56  -58  -74  -67  -77  -77  -77  -69  -57  -70  -57  -69  -63
        -48  -59  -50  -50  -58  -52  -57  -88  -71  -73  -62  -61  -43  -65  -74  -74  -68  -51  -83  -44
        -49  -69  -68  -75  -53  -68  -75  -47  -32  -53  -80  -80  -78  -55  -52  -65  -44  -77  -64  -81
        -96  -73  -49  -53  -70  -64  -55  -89  -84  -71  -77  -64  -64  -67  -50  -71  -77  -41  -72  -47
        -57  -52  -62  -77  -75  -60  -33  -57  -30  -37  -48  -61  -71  -54  -56  -48  -52  -64  -56  -75
        -54  -60  -39  -85  -68  -68  -64  -64  -87  -69  -54  -52  -47  -34  -65  -57  -65  -75  -57  -47
        -59  -62  -49  -73  -63  -64  -41  -70  -84  -60  -68  -75  -68  -73  -56  -75  -59  -84  -70  -53
        -71  -55  -42  -39  -62  -71  -52  -77  -65  -43  -54  -65  -48  -72  -81  -74  -69  -43  -55  -39
        -65  -66  -64  -69  -68  -65  -63  -59  -65  -64  -79  -84  -73  -58  -41  -78  -62  -69  -64  -59
        -59  -62  -46  -38  -57  -75  -64  -57  -62  -82  -64  -66  -46  -71  -88  -62  -50  -61  -73  -64
        -85  -60  -60  -60  -53  -66  -43  -55  -72  -46  -60  -59  -60  -69  -66  -50  -46  -83  -59  -59
        -72  -58  -56  -57  -47  -64  -72  -50  -58  -69  -73  -56  -34  -61  -64  -60  -81  -64  -58  -63
        -46  -56  -66  -58  -59  -83  -55  -49  -54  -63  -62  -70  -74  -72  -43  -52  -41  -66  -65  -65
        -78  -56  -55  -67  -60  -68  -60  -74  -86  -62  -76  -58  -83  -55  -66  -76  -67  -51  -68  -56
        -51  -48  -73  -49  -71  -79  -43  -59  -52  -51  -65  -80  -65  -93  -69  -56  -68  -58  -60  -73
        -59  -63  -83  -56  -42  -63  -61  -61  -69  -52  -64  -54  -51  -53  -68  -50  -65  -49  -43  -64
        -53  -58  -63  -76  -57  -47  -69  -63  -58  -52  -67  -63  -76  -76  -71  -68  -57  -72  -69  -88
        -83  -53  -54  -51  -63  -66  -68  -68  -65  -63  -28  -44

[ 2026-04-14 18:12:41.474 ] ,总的数据长度1062 ：
[ 2026-04-14 18:12:41.474 ] 总长度:1086
[ 2026-04-14 18:12:41.474 ] 解析原子数据帧头：
LEADER:-286331154 VER:1 STC:1776161560 TS:2026-4-14 18:12:41:574 PL:1062 EL:0
解析原子数据帧体:
扫频频谱观测数据:DT:12 DL:1057
频段序号:1  信道总数:1441
起始频率:149.8000MHz  结束频率:162.5750MHz  起始频率序号: 512
步长:25.0000kHz  帧信道数量:512
电平: -69  -44  -76  -70  -64  -66  -52  -60  -63  -72  -39  -84  -57  -68  -59  -74  -48  -45  -58  -68
        -74  -55  -66  -53  -65  -42  -53  -63  -59  -54  -43  -40  -63  -63  -57  -82  -64  -55  -56  -72
        -53  -42  -90  -82  -101  -69  -48  -70  -53  -70  -83  -69  -80  -55  -52  -67  -50  -78  -63  -68
        -48  -65  -69  -50  -51  -64  -74  -86  -87  -56  -56  -65  -72  -60  -65  -62  -95  -65  -68  -67
        -39  -81  -79  -75  -57  -69  -58  -47  -50  -68  -62  -82  -61  -70  -70  -48  -56  -72  -57  -54
        -75  -69  -69  -44  -59  -37  -53  -75  -79  -56  -69  -40  -61  -50  -70  -71  -43  -56  -60  -44
        -56  -60  -62  -58  -74  -75  -69  -57  -71  -54  -58  -82  -56  -91  -74  -63  -58  -58  -57  -78
        -66  -67  -75  -50  -73  -71  -58  -61  -70  -71  -69  -65  -68  -59  -69  -78  -81  -58  -64  -39
        -60  -60  -59  -69  -70  -62  -65  -54  -57  -59  -83  -64  -73  -70  -64  -69  -57  -56  -68  -73
        -62  -43  -64  -80  -51  -63  -74  -64  -68  -53  -67  -61  -68  -85  -62  -55  -84  -52  -62  -55
        -63  -65  -85  -98  -71  -72  -61  -46  -55  -68  -56  -68  -58  -66  -66  -59  -39  -53  -58  -74
        -83  -59  -64  -65  -38  -54  -73  -81  -87  -49  -74  -67  -46  -81  -80  -84  -62  -71  -61  -53
        -56  -76  -82  -76  -56  -42  -90  -48  -66  -75  -68  -67  -85  -37  -70  -65  -56  -62  -47  -61
        -79  -60  -45  -63  -75  -62  -62  -58  -70  -70  -49  -57  -71  -80  -58  -64  -81  -53  -64  -52
        -42  -61  -51  -85  -77  -60  -67  -75  -62  -57  -80  -68  -63  -90  -67  -51  -48  -49  -85  -56
        -68  -60  -60  -42  -46  -56  -78  -68  -62  -49  -55  -63  -55  -59  -69  -65  -71  -71  -43  -62
        -67  -74  -56  -72  -63  -59  -59  -56  -65  -51  -71  -69  -52  -54  -54  -54  -56  -65  -58  -70
        -68  -58  -62  -74  -62  -60  -69  -81  -74  -88  -53  -57  -51  -78  -51  -68  -76  -67  -62  -69
        -59  -64  -64  -65  -66  -76  -60  -56  -46  -76  -74  -67  -47  -78  -62  -55  -67  -56  -67  -75
        -59  -77  -52  -53  -55  -52  -57  -69  -64  -52  -81  -83  -62  -53  -75  -48  -77  -62  -56  -52
        -61  -59  -53  -83  -82  -75  -59  -65  -68  -86  -58  -75  -57  -78  -46  -44  -51  -67  -87  -69
        -60  -36  -68  -70  -61  -58  -63  -77  -49  -51  -66  -48  -46  -68  -78  -74  -56  -77  -57  -54
        -46  -55  -57  -63  -79  -66  -89  -54  -59  -72  -60  -62  -63  -81  -63  -55  -39  -56  -63  -53
        -57  -73  -75  -54  -58  -51  -79  -71  -62  -63  -49  -67  -63  -67  -85  -83  -66  -86  -59  -55
        -62  -60  -62  -80  -66  -72  -67  -63  -54  -58  -62  -57  -69  -68  -56  -52  -49  -53  -51  -61
        -62  -61  -42  -51  -65  -46  -54  -79  -62  -49  -47  -78

[ 2026-04-14 18:12:41.615 ] ,总的数据长度872 ：
[ 2026-04-14 18:12:41.615 ] 总长度:896
[ 2026-04-14 18:12:41.615 ] 解析原子数据帧头：
LEADER:-286331154 VER:1 STC:1776161560 TS:2026-4-14 18:12:41:815 PL:872 EL:0
解析原子数据帧体:
扫频频谱观测数据:DT:12 DL:867
频段序号:1  信道总数:1441
起始频率:162.6000MHz  结束频率:173.0000MHz  起始频率序号: 1024
步长:25.0000kHz  帧信道数量:417
电平: -46  -61  -82  -77  -78  -79  -57  -56  -50  -81  -63  -69  -75  -62  -69  -67  -65  -63  -73  -88
        -81  -67  -72  -57  -69  -61  -93  -63  -70  -80  -61  -80  -92  -60  -87  -79  -88  -99  -73  -70
        -51  -70  -79  -62  -81  -54  -66  -57  -62  -65  -63  -67  -73  -57  -67  -45  -67  -56  -88  -80
        -63  -55  -60  -68  -61  -59  -58  -55  -60  -57  -65  -58  -64  -62  -68  -87  -73  -59  -60  -75
        -56  -69  -90  -76  -68  -55  -59  -54  -67  -73  -55  -82  -90  -75  -68  -34  -68  -56  -55  -67
        -69  -73  -41  -64  -65  -77  -81  -69  -91  -70  -71  -44  -79  -79  -70  -70  -80  -56  -57  -56
        -54  -75  -80  -71  -48  -59  -67  -49  -93  -67  -67  -74  -83  -69  -65  -52  -60  -73  -61  -69
        -73  -45  -68  -54  -65  -62  -84  -93  -80  -78  -42  -41  -67  -79  -77  -80  -71  -77  -58  -61
        -62  -68  -64  -81  -68  -66  -65  -76  -62  -71  -43  -67  -62  -73  -69  -50  -86  -53  -73  -74
        -80  -79  -85  -66  -67  -69  -59  -88  -81  -60  -56  -61  -49  -47  -69  -61  -70  -59  -70  -56
        -73  -49  -74  -74  -53  -72  -62  -53  -53  -81  -71  -51  -73  -68  -77  -54  -49  -66  -69  -84
        -87  -67  -50  -57  -59  -59  -59  -62  -84  -75  -56  -64  -65  -53  -88  -72  -65  -71  -64  -53
        -79  -79  -77  -80  -57  -68  -53  -49  -71  -59  -66  -59  -77  -91  -60  -51  -82  -77  -81  -58
        -59  -73  -69  -57  -57  -64  -68  -105  -79  -49  -64  -47  -73  -62  -79  -50  -91  -65  -48  -46
        -54  -70  -75  -64  -85  -50  -64  -79  -71  -53  -69  -82  -92  -91  -79  -88  -72  -62  -62  -85
        -60  -64  -74  -59  -57  -68  -61  -77  -58  -52  -62  -62  -54  -51  -65  -52  -62  -88  -61  -70
        -82  -51  -75  -63  -64  -58  -77  -71  -64  -63  -62  -78  -69  -73  -88  -51  -58  -52  -63  -81
        -90  -46  -69  -60  -52  -74  -62  -67  -73  -67  -64  -62  -42  -62  -56  -71  -63  -66  -51  -31
        -44  -64  -70  -73  -69  -63  -54  -59  -58  -67  -69  -55  -80  -54  -50  -57  -77  -56  -71  -68
        -87  -77  -79  -59  -58  -54  -68  -61  -68  -55  -65  -74  -49  -57  -52  -57  -73  -63  -70  -78
        -68  -74  -66  -71  -65  -100  -49  -45  -44  -77  -64  -82  -100  -72  -87  -70  -59

[ 2026-04-14 18:12:41.724 ] ,总的数据长度1062 ：
[ 2026-04-14 18:12:41.724 ] 总长度:1086
[ 2026-04-14 18:12:41.724 ] 解析原子数据帧头：
LEADER:-286331154 VER:1 STC:1776161560 TS:2026-4-14 18:12:41:824 PL:1062 EL:0
解析原子数据帧体:
扫频频谱观测数据:DT:12 DL:1057
频段序号:1  信道总数:1441
起始频率:137.0000MHz  结束频率:149.7750MHz  起始频率序号: 0
步长:25.0000kHz  帧信道数量:512
电平: -52  -51  -82  -70  -70  -64  -71  -46  -57  -62  -49  -57  -88  -61  -53  -76  -49  -74  -61  -79
        -88  -66  -50  -60  -65  -61  -56  -50  -87  -45  -79  -68  -51  -60  -58  -81  -90  -68  -64  -31
        -50  -77  -61  -79  -91  -83  -66  -62  -50  -74  -71  -78  -87  -56  -103  -62  -54  -57  -66  -87
        -66  -86  -69  -38  -67  -51  -84  -54  -71  -70  -53  -64  -48  -43  -85  -58  -69  -64  -35  -69
        -49  -63  -59  -82  -58  -74  -38  -53  -47  -63  -65  -84  -79  -73  -76  -57  -57  -65  -40  -78
        -67  -63  -52  -49  -58  -90  -68  -70  -69  -76  -65  -54  -57  -56  -65  -66  -71  -65  -66  -61
        -54  -44  -62  -76  -57  -73  -55  -60  -49  -71  -77  -74  -55  -61  -52  -57  -66  -66  -60  -90
        -53  -59  -55  -64  -35  -53  -36  -77  -63  -56  -67  -57  -41  -52  -66  -66  -84  -57  -36  -47
        -37  -63  -64  -58  -54  -71  -51  -50  -53  -60  -45  -79  -71  -59  -36  -52  -70  -68  -56  -78
        -88  -64  -81  -64  -56  -60  -85  -89  -56  -62  -54  -62  -65  -70  -68  -58  -56  -72  -77  -56
        -47  -69  -52  -59  -72  -72  -54  -56  -37  -69  -85  -55  -81  -58  -57  -66  -46  -71  -46  -83
        -82  -56  -54  -73  -62  -66  -51  -87  -64  -47  -47  -52  -51  -54  -64  -62  -63  -64  -71  -51
        -60  -59  -71  -71  -68  -48  -42  -68  -68  -41  -54  -45  -73  -56  -66  -51  -37  -53  -60  -73
        -80  -47  -48  -62  -51  -61  -72  -74  -87  -51  -61  -58  -55  -63  -66  -54  -82  -64  -56  -54
        -44  -83  -58  -63  -82  -59  -60  -76  -54  -54  -62  -93  -44  -75  -66  -59  -51  -65  -61  -65
        -87  -90  -41  -54  -47  -57  -66  -64  -59  -47  -60  -69  -52  -67  -60  -78  -48  -82  -58  -53
        -60  -69  -65  -73  -65  -62  -76  -70  -36  -45  -69  -82  -61  -70  -63  -67  -76  -52  -70  -69
        -72  -76  -60  -67  -38  -61  -68  -63  -75  -77  -70  -53  -53  -51  -60  -73  -65  -72  -57  -57
        -64  -48  -66  -103  -73  -48  -48  -76  -39  -72  -60  -60  -62  -52  -54  -38  -52  -68  -59  -47
        -78  -63  -74  -59  -54  -56  -44  -88  -59  -42  -51  -56  -55  -77  -54  -70  -80  -75  -64  -50
        -33  -71  -58  -65  -59  -62  -69  -66  -54  -62  -58  -68  -67  -84  -50  -57  -55  -68  -54  -95
        -72  -61  -52  -62  -64  -47  -76  -69  -66  -62  -67  -46  -48  -69  -61  -68  -72  -63  -53  -41
        -56  -56  -51  -71  -63  -79  -55  -52  -59  -59  -87  -82  -53  -53  -51  -68  -57  -57  -67  -76
        -60  -56  -58  -80  -63  -57  -63  -64  -71  -82  -64  -48  -43  -51  -65  -65  -57  -63  -56  -46
        -57  -60  -59  -79  -60  -76  -70  -67  -57  -84  -62  -59  -55  -49  -42  -64  -65  -68  -64  -70
        -71  -67  -48  -56  -35  -56  -85  -63  -56  -79  -64  -59

[ 2026-04-14 18:12:41.864 ] ,总的数据长度1062 ：
[ 2026-04-14 18:12:41.864 ] 总长度:1086
[ 2026-04-14 18:12:41.864 ] 解析原子数据帧头：
LEADER:-286331154 VER:1 STC:1776161560 TS:2026-4-14 18:12:41:064 PL:1062 EL:0
解析原子数据帧体:
扫频频谱观测数据:DT:12 DL:1057
频段序号:1  信道总数:1441
起始频率:149.8000MHz  结束频率:162.5750MHz  起始频率序号: 512
步长:25.0000kHz  帧信道数量:512
电平: -60  -65  -73  -56  -64  -52  -48  -62  -56  -63  -64  -68  -57  -71  -70  -69  -44  -72  -44  -87
        -39  -67  -65  -64  -48  -68  -49  -64  -62  -60  -51  -41  -57  -55  -59  -70  -79  -67  -58  -55
        -75  -74  -73  -57  -75  -66  -46  -60  -47  -55  -68  -66  -77  -68  -63  -62  -55  -59  -72  -67
        -75  -55  -57  -49  -58  -50  -71  -92  -80  -79  -55  -53  -52  -73  -57  -75  -69  -55  -61  -69
        -68  -69  -72  -57  -55  -54  -59  -52  -55  -46  -66  -93  -61  -47  -68  -62  -64  -52  -76  -61
        -68  -61  -58  -63  -59  -64  -81  -87  -64  -71  -66  -62  -63  -78  -47  -77  -58  -63  -81  -57
        -50  -58  -50  -59  -57  -74  -83  -55  -56  -69  -61  -84  -87  -51  -69  -47  -67  -57  -69  -55
        -41  -63  -72  -63  -62  -61  -78  -46  -79  -71  -64  -57  -63  -73  -65  -81  -77  -53  -73  -45
        -83  -53  -55  -74  -64  -57  -65  -64  -59  -47  -75  -55  -60  -68  -59  -57  -71  -61  -44  -56
        -80  -85  -54  -64  -47  -84  -73  -67  -76  -82  -79  -81  -72  -58  -68  -53  -69  -78  -69  -59
        -68  -61  -55  -75  -68  -65  -63  -70  -55  -81  -73  -60  -64  -57  -58  -65  -49  -58  -72  -84
        -62  -55  -43  -44  -61  -46  -59  -66  -82  -73  -66  -76  -64  -68  -73  -87  -80  -67  -67  -76
        -43  -50  -63  -54  -63  -58  -65  -55  -51  -79  -56  -96  -56  -83  -50  -58  -49  -58  -52  -64
        -57  -65  -83  -62  -56  -62  -56  -71  -56  -54  -70  -32  -49  -65  -60  -68  -54  -72  -53  -60
        -73  -62  -70  -61  -82  -55  -63  -59  -56  -43  -70  -64  -77  -66  -76  -51  -66  -60  -51  -75
        -50  -64  -61  -69  -81  -52  -44  -78  -90  -67  -52  -63  -43  -70  -76  -56  -65  -104  -57  -44
        -78  -65  -62  -85  -66  -82  -61  -46  -72  -70  -69  -72  -73  -83  -50  -43  -38  -56  -68  -62
        -72  -70  -62  -70  -45  -53  -72  -58  -55  -50  -34  -65  -42  -82  -53  -81  -84  -40  -47  -60
        -44  -59  -52  -64  -85  -48  -69  -47  -59  -76  -67  -64  -75  -59  -57  -58  -64  -56  -56  -63
        -59  -79  -83  -39  -69  -65  -53  -63  -67  -78  -72  -46  -71  -52  -47  -68  -76  -53  -48  -61
        -43  -58  -63  -61  -60  -55  -65  -57  -41  -74  -62  -75  -69  -58  -57  -49  -67  -82  -86  -59
        -82  -56  -60  -37  -74  -55  -57  -53  -46  -49  -77  -58  -51  -67  -63  -69  -63  -66  -64  -63
        -61  -75  -67  -96  -85  -70  -51  -48  -70  -58  -52  -65  -67  -62  -55  -65  -67  -63  -72  -70
        -74  -68  -63  -50  -54  -68  -73  -78  -71  -80  -57  -79  -68  -69  -62  -77  -46  -69  -81  -64
        -56  -79  -64  -86  -86  -59  -64  -66  -55  -74  -76  -73  -61  -60  -96  -62  -56  -70  -62  -76
        -72  -46  -36  -56  -29  -35  -58  -88  -67  -77  -55  -55

[ 2026-04-14 18:12:41.976 ] ,总的数据长度872 ：
[ 2026-04-14 18:12:41.976 ] 总长度:896
[ 2026-04-14 18:12:41.976 ] 解析原子数据帧头：
LEADER:-286331154 VER:1 STC:1776161560 TS:2026-4-14 18:12:41:276 PL:872 EL:0
解析原子数据帧体:
扫频频谱观测数据:DT:12 DL:867
频段序号:1  信道总数:1441
起始频率:162.6000MHz  结束频率:173.0000MHz  起始频率序号: 1024
步长:25.0000kHz  帧信道数量:417
电平: -53  -54  -76  -81  -78  -97  -60  -52  -68  -87  -57  -77  -65  -46  -70  -72  -45  -60  -78  -73
        -64  -49  -52  -43  -47  -78  -78  -60  -77  -83  -72  -65  -62  -66  -63  -74  -75  -59  -65  -53
        -58  -56  -79  -67  -74  -61  -53  -63  -50  -63  -55  -83  -63  -71  -52  -50  -59  -59  -65  -66
        -75  -79  -64  -45  -54  -66  -83  -73  -77  -76  -71  -60  -45  -54  -76  -87  -88  -65  -74  -54
        -61  -66  -74  -61  -67  -71  -52  -58  -76  -60  -64  -77  -72  -49  -59  -68  -62  -53  -62  -69
        -65  -63  -86  -57  -63  -71  -67  -71  -65  -82  -70  -48  -54  -77  -74  -75  -67  -74  -64  -47
        -64  -65  -79  -82  -71  -66  -69  -45  -37  -79  -94  -61  -71  -65  -51  -63  -77  -70  -43  -93
        -86  -77  -54  -56  -58  -57  -80  -70  -68  -65  -47  -44  -71  -61  -65  -43  -58  -54  -48  -39
        -68  -52  -54  -80  -46  -63  -78  -54  -78  -80  -68  -88  -64  -69  -49  -61  -55  -67  -44  -61
        -73  -70  -67  -46  -72  -56  -73  -62  -58  -69  -83  -71  -67  -59  -79  -75  -55  -56  -64  -79
        -47  -75  -63  -79  -68  -67  -41  -60  -76  -63  -76  -56  -60  -62  -63  -60  -53  -46  -63  -84
        -62  -85  -66  -66  -42  -64  -74  -83  -67  -72  -72  -90  -72  -63  -75  -95  -73  -61  -76  -52
        -66  -85  -68  -72  -85  -58  -53  -61  -56  -55  -64  -68  -66  -75  -52  -90  -70  -60  -62  -72
        -53  -65  -56  -60  -61  -75  -67  -63  -68  -41  -55  -54  -67  -49  -77  -73  -79  -52  -50  -48
        -46  -91  -77  -73  -64  -77  -60  -58  -76  -71  -65  -69  -78  -103  -62  -79  -54  -78  -59  -76
        -81  -54  -61  -53  -70  -73  -37  -67  -53  -62  -58  -62  -59  -72  -65  -79  -63  -77  -44  -36
        -47  -59  -55  -59  -61  -64  -54  -70  -63  -48  -62  -54  -76  -74  -58  -51  -56  -82  -78  -72
        -67  -63  -63  -68  -48  -50  -51  -78  -81  -72  -53  -66  -50  -55  -66  -91  -76  -53  -55  -60
        -63  -67  -47  -89  -76  -70  -61  -42  -50  -47  -54  -39  -60  -60  -65  -54  -64  -54  -75  -36
        -77  -74  -60  -61  -64  -66  -65  -75  -82  -84  -64  -45  -54  -58  -68  -75  -75  -87  -79  -59
        -56  -83  -56  -63  -70  -62  -72  -44  -47  -82  -56  -78  -81  -54  -55  -62  -46

[ 2026-04-14 18:12:42.114 ] ,总的数据长度1062 ：
[ 2026-04-14 18:12:42.114 ] 总长度:1086
[ 2026-04-14 18:12:42.114 ] 解析原子数据帧头：
LEADER:-286331154 VER:1 STC:1776161560 TS:2026-4-14 18:12:42:314 PL:1062 EL:0
解析原子数据帧体:
扫频频谱观测数据:DT:12 DL:1057
频段序号:1  信道总数:1441
起始频率:137.0000MHz  结束频率:149.7750MHz  起始频率序号: 0
步长:25.0000kHz  帧信道数量:512
电平: -45  -57  -75  -94  -66  -69  -64  -48  -61  -56  -57  -73  -73  -72  -53  -57  -52  -46  -68  -53
        -86  -69  -49  -83  -63  -41  -72  -65  -62  -61  -70  -53  -67  -62  -63  -62  -80  -51  -39  -40
        -43  -68  -85  -74  -52  -52  -71  -58  -56  -56  -47  -58  -89  -80  -47  -73  -58  -73  -77  -63
        -83  -72  -47  -80  -51  -69  -66  -74  -65  -59  -64  -54  -69  -60  -81  -73  -74  -68  -51  -62
        -49  -60  -56  -72  -59  -63  -61  -58  -66  -65  -67  -60  -83  -75  -79  -65  -72  -59  -85  -93
        -67  -78  -66  -44  -45  -75  -57  -63  -80  -59  -72  -53  -75  -67  -73  -82  -73  -73  -56  -65
        -53  -54  -62  -73  -63  -70  -64  -59  -72  -61  -61  -77  -68  -50  -38  -71  -40  -59  -71  -56
        -57  -50  -44  -52  -46  -62  -67  -74  -58  -67  -73  -63  -48  -53  -81  -68  -62  -52  -55  -34
        -51  -56  -52  -74  -70  -63  -76  -82  -83  -83  -64  -60  -75  -68  -61  -53  -57  -68  -48  -84
        -96  -79  -76  -70  -58  -66  -55  -64  -92  -64  -66  -33  -64  -53  -62  -89  -57  -66  -45  -71
        -66  -83  -55  -87  -77  -75  -53  -53  -63  -41  -64  -45  -76  -67  -48  -56  -49  -72  -80  -71
        -67  -63  -49  -50  -56  -72  -59  -65  -45  -52  -63  -58  -54  -40  -69  -82  -79  -58  -73  -56
        -70  -55  -70  -61  -62  -47  -73  -35  -36  -54  -40  -60  -49  -49  -57  -47  -55  -46  -57  -69
        -52  -41  -80  -69  -42  -68  -67  -79  -80  -67  -65  -48  -62  -67  -65  -62  -80  -55  -58  -63
        -47  -75  -61  -68  -83  -47  -56  -65  -56  -83  -77  -65  -53  -57  -61  -57  -76  -74  -73  -95
        -72  -60  -76  -62  -63  -71  -86  -76  -66  -69  -58  -60  -56  -76  -44  -87  -65  -82  -40  -57
        -53  -73  -57  -76  -63  -77  -79  -48  -56  -58  -74  -66  -90  -91  -68  -43  -53  -61  -46  -73
        -81  -95  -62  -54  -44  -52  -54  -66  -85  -51  -43  -62  -77  -37  -54  -54  -65  -67  -78  -61
        -50  -50  -50  -70  -65  -38  -68  -54  -51  -52  -72  -75  -71  -73  -48  -58  -48  -58  -53  -47
        -69  -68  -54  -63  -45  -45  -62  -76  -67  -61  -56  -53  -86  -56  -65  -58  -64  -59  -67  -51
        -63  -52  -56  -68  -67  -60  -57  -58  -54  -68  -69  -66  -72  -52  -56  -48  -51  -57  -48  -79
        -46  -66  -49  -52  -44  -60  -57  -69  -93  -43  -66  -45  -43  -68  -65  -67  -62  -61  -49  -55
        -50  -69  -69  -55  -51  -78  -48  -60  -57  -45  -87  -78  -53  -71  -62  -56  -56  -61  -58  -46
        -73  -78  -48  -65  -43  -64  -80  -69  -64  -78  -50  -71  -45  -68  -71  -67  -70  -55  -75  -70
        -72  -51  -70  -72  -79  -86  -52  -54  -45  -67  -73  -59  -50  -62  -63  -49  -71  -65  -57  -90
        -89  -64  -65  -57  -57  -70  -55  -78  -73  -49  -69  -52

[ 2026-04-14 18:12:42.363 ] ,总的数据长度1062 ：
[ 2026-04-14 18:12:42.363 ] 总长度:1086
[ 2026-04-14 18:12:42.363 ] 解析原子数据帧头：
LEADER:-286331154 VER:1 STC:1776161560 TS:2026-4-14 18:12:42:663 PL:1062 EL:0
解析原子数据帧体:
扫频频谱观测数据:DT:12 DL:1057
频段序号:1  信道总数:1441
起始频率:149.8000MHz  结束频率:162.5750MHz  起始频率序号: 512
步长:25.0000kHz  帧信道数量:512
电平: -67  -66  -58  -64  -74  -67  -66  -50  -63  -75  -61  -67  -86  -70  -73  -62  -65  -64  -59  -62
        -68  -76  -48  -53  -59  -48  -53  -65  -77  -55  -86  -72  -54  -71  -66  -82  -79  -52  -55  -54
        -73  -82  -63  -71  -66  -64  -68  -44  -57  -73  -57  -77  -77  -68  -67  -61  -66  -64  -58  -76
        -61  -81  -70  -52  -46  -57  -59  -90  -53  -81  -57  -70  -76  -56  -77  -83  -55  -57  -75  -68
        -65  -54  -56  -82  -59  -71  -62  -63  -62  -77  -53  -67  -63  -47  -97  -67  -60  -65  -73  -69
        -57  -60  -79  -70  -57  -69  -61  -63  -73  -69  -52  -61  -51  -47  -70  -78  -62  -53  -50  -37
        -26  -71  -73  -65  -74  -63  -73  -64  -77  -57  -76  -64  -55  -83  -58  -56  -60  -64  -63  -75
        -67  -62  -78  -73  -65  -67  -65  -80  -76  -66  -97  -52  -51  -71  -52  -49  -73  -62  -61  -68
        -63  -54  -69  -70  -72  -74  -63  -63  -53  -67  -71  -81  -87  -62  -46  -52  -53  -73  -71  -64
        -61  -69  -51  -59  -69  -60  -75  -67  -67  -78  -41  -36  -53  -73  -66  -94  -70  -60  -62  -75
        -40  -73  -67  -75  -82  -58  -55  -49  -58  -75  -60  -69  -71  -73  -73  -69  -54  -57  -88  -64
        -67  -59  -63  -65  -45  -61  -61  -57  -85  -67  -53  -55  -63  -84  -67  -46  -69  -62  -49  -80
        -64  -69  -70  -101  -71  -73  -55  -44  -71  -77  -82  -60  -77  -73  -76  -63  -72  -47  -57  -70
        -87  -91  -73  -74  -50  -87  -59  -82  -78  -77  -42  -51  -50  -67  -55  -85  -65  -86  -70  -73
        -58  -61  -51  -81  -70  -71  -52  -63  -45  -50  -57  -54  -69  -70  -60  -44  -50  -69  -59  -61
        -59  -79  -74  -42  -52  -64  -64  -48  -60  -60  -45  -52  -43  -60  -54  -94  -71  -54  -39  -80
        -61  -44  -67  -56  -76  -61  -62  -55  -56  -71  -62  -86  -72  -55  -55  -49  -47  -81  -77  -61
        -76  -69  -44  -63  -51  -51  -79  -64  -62  -76  -65  -53  -49  -69  -65  -62  -73  -65  -55  -56
        -72  -49  -78  -69  -78  -67  -64  -72  -79  -48  -64  -69  -78  -65  -71  -58  -68  -58  -62  -63
        -73  -66  -46  -78  -47  -52  -80  -68  -77  -58  -71  -55  -60  -47  -58  -64  -68  -63  -78  -68
        -62  -87  -57  -81  -98  -62  -74  -63  -50  -55  -56  -75  -71  -64  -56  -56  -59  -58  -70  -66
        -74  -62  -57  -67  -69  -47  -69  -66  -66  -56  -68  -63  -45  -59  -72  -89  -75  -66  -61  -63
        -49  -70  -80  -58  -72  -70  -72  -54  -73  -73  -68  -87  -70  -60  -80  -54  -31  -50  -58  -76
        -69  -50  -77  -51  -58  -71  -98  -92  -79  -83  -65  -65  -55  -58  -62  -82  -81  -71  -57  -67
        -58  -79  -72  -79  -74  -73  -68  -61  -70  -59  -61  -87  -78  -48  -72  -25  -71  -56  -80  -75
        -62  -41  -41  -13  -25  -52  -55  -75  -78  -74  -74  -66

[ 2026-04-14 18:12:42.472 ] ,总的数据长度872 ：
[ 2026-04-14 18:12:42.472 ] 总长度:896
[ 2026-04-14 18:12:42.472 ] 解析原子数据帧头：
LEADER:-286331154 VER:1 STC:1776161560 TS:2026-4-14 18:12:42:872 PL:872 EL:0
解析原子数据帧体:
扫频频谱观测数据:DT:12 DL:867
频段序号:1  信道总数:1441
起始频率:162.6000MHz  结束频率:173.0000MHz  起始频率序号: 1024
步长:25.0000kHz  帧信道数量:417
电平: -53  -81  -74  -64  -68  -69  -67  -83  -80  -80  -63  -75  -52  -73  -76  -77  -60  -60  -67  -82
        -88  -65  -53  -51  -48  -56  -67  -75  -77  -88  -81  -66  -58  -73  -64  -91  -62  -76  -50  -55
        -61  -97  -62  -79  -80  -56  -67  -55  -60  -61  -55  -70  -69  -61  -52  -47  -60  -81  -81  -70
        -73  -68  -51  -60  -75  -46  -59  -81  -79  -75  -85  -65  -59  -78  -66  -93  -55  -51  -63  -57
        -67  -73  -51  -80  -78  -76  -62  -53  -59  -64  -79  -80  -67  -74  -86  -52  -76  -57  -64  -85
        -83  -61  -81  -59  -53  -63  -67  -55  -70  -73  -56  -43  -45  -48  -64  -78  -71  -46  -69  -51
        -69  -75  -63  -59  -71  -62  -51  -54  -66  -51  -76  -59  -66  -62  -58  -60  -65  -57  -63  -65
        -66  -71  -69  -60  -53  -72  -55  -65  -94  -60  -62  -66  -73  -62  -82  -78  -72  -71  -81  -45
        -59  -55  -67  -96  -70  -62  -53  -55  -47  -63  -77  -70  -67  -56  -60  -65  -59  -71  -29  -82
        -94  -57  -65  -52  -66  -71  -61  -64  -80  -70  -44  -55  -55  -54  -58  -84  -78  -71  -67  -55
        -75  -55  -71  -79  -73  -56  -71  -50  -66  -74  -65  -88  -74  -48  -62  -58  -64  -51  -54  -60
        -73  -69  -89  -58  -63  -75  -67  -79  -77  -57  -79  -48  -69  -59  -74  -74  -68  -54  -50  -74
        -81  -75  -74  -66  -63  -56  -44  -45  -47  -65  -74  -61  -84  -72  -76  -61  -93  -64  -83  -66
        -87  -77  -67  -97  -42  -76  -71  -81  -65  -55  -66  -66  -73  -48  -71  -87  -86  -85  -60  -64
        -61  -68  -58  -82  -72  -64  -60  -53  -50  -56  -94  -58  -106  -41  -56  -78  -73  -66  -58  -65
        -77  -77  -67  -61  -59  -69  -59  -88  -66  -38  -55  -48  -59  -67  -67  -62  -97  -66  -44  -56
        -57  -61  -59  -69  -82  -77  -57  -61  -51  -79  -53  -74  -80  -54  -61  -62  -53  -59  -78  -82
        -61  -74  -62  -62  -58  -64  -74  -71  -63  -67  -51  -67  -53  -69  -67  -67  -78  -66  -60  -76
        -58  -58  -74  -71  -85  -44  -56  -40  -58  -66  -58  -42  -50  -48  -34  -48  -45  -77  -75  -82
        -68  -56  -72  -74  -53  -52  -56  -69  -75  -60  -85  -65  -69  -73  -61  -86  -70  -55  -100  -72
        -67  -78  -60  -77  -56  -70  -62  -62  -48  -53  -101  -87  -69  -67  -67  -56  -59

[ 2026-04-14 18:12:42.582 ] ,总的数据长度1062 ：
[ 2026-04-14 18:12:42.582 ] 总长度:1086
[ 2026-04-14 18:12:42.582 ] 解析原子数据帧头：
LEADER:-286331154 VER:1 STC:1776161560 TS:2026-4-14 18:12:42:882 PL:1062 EL:0
解析原子数据帧体:
扫频频谱观测数据:DT:12 DL:1057
频段序号:1  信道总数:1441
起始频率:137.0000MHz  结束频率:149.7750MHz  起始频率序号: 0
步长:25.0000kHz  帧信道数量:512
电平: -86  -63  -45  -84  -85  -68  -59  -49  -50  -46  -63  -63  -94  -60  -59  -72  -57  -65  -51  -85
        -75  -71  -85  -43  -55  -50  -56  -90  -73  -63  -49  -63  -73  -56  -70  -62  -67  -70  -54  -63
        -66  -67  -78  -72  -57  -69  -61  -45  -71  -85  -80  -75  -83  -93  -84  -49  -69  -58  -62  -76
        -80  -78  -57  -49  -46  -63  -69  -71  -63  -43  -63  -52  -61  -68  -66  -78  -60  -67  -57  -56
        -47  -57  -73  -60  -66  -62  -54  -58  -62  -71  -75  -74  -69  -60  -49  -46  -63  -49  -70  -61
        -73  -74  -57  -63  -50  -56  -74  -66  -77  -58  -59  -82  -66  -66  -82  -78  -98  -76  -53  -45
        -55  -53  -64  -64  -65  -74  -43  -37  -47  -53  -60  -70  -71  -62  -48  -43  -60  -57  -59  -58
        -73  -69  -82  -60  -68  -62  -70  -65  -56  -46  -58  -59  -61  -60  -64  -54  -60  -70  -46  -38
        -68  -70  -59  -76  -61  -65  -82  -60  -73  -51  -73  -62  -61  -73  -50  -53  -66  -61  -68  -68
        -72  -51  -49  -51  -47  -60  -60  -67  -59  -53  -54  -60  -46  -67  -74  -78  -83  -72  -51  -35
        -44  -45  -67  -64  -73  -76  -47  -74  -64  -54  -53  -74  -61  -64  -57  -49  -43  -32  -74  -58
        -56  -70  -65  -66  -34  -67  -56  -64  -68  -64  -60  -52  -48  -80  -63  -65  -60  -69  -51  -63
        -48  -40  -76  -68  -64  -77  -55  -44  -44  -41  -39  -68  -60  -59  -54  -54  -49  -61  -68  -75
        -84  -73  -54  -58  -62  -83  -68  -80  -53  -55  -61  -61  -61  -65  -64  -60  -52  -71  -36  -48
        -63  -70  -68  -64  -38  -55  -83  -46  -58  -60  -48  -81  -78  -56  -49  -43  -55  -60  -78  -77
        -57  -66  -54  -60  -54  -57  -79  -67  -59  -57  -62  -36  -65  -72  -45  -62  -77  -70  -72  -59
        -60  -75  -44  -72  -73  -57  -57  -55  -71  -46  -78  -70  -60  -58  -82  -40  -46  -62  -64  -90
        -70  -74  -63  -40  -60  -66  -79  -57  -64  -69  -61  -71  -63  -54  -68  -69  -74  -56  -57  -63
        -68  -51  -64  -83  -84  -68  -46  -49  -75  -54  -75  -98  -55  -62  -67  -51  -61  -55  -74  -66
        -67  -73  -62  -52  -58  -72  -57  -51  -49  -52  -50  -74  -57  -78  -58  -59  -77  -84  -61  -58
        -57  -66  -69  -66  -56  -62  -70  -47  -73  -55  -73  -76  -77  -63  -43  -50  -67  -67  -66  -67
        -62  -51  -42  -65  -46  -49  -53  -66  -90  -64  -65  -50  -50  -63  -76  -55  -71  -56  -67  -62
        -65  -59  -53  -77  -62  -59  -52  -54  -66  -57  -70  -84  -64  -73  -65  -53  -54  -68  -61  -69
        -60  -73  -77  -58  -74  -65  -70  -56  -52  -67  -59  -56  -52  -67  -48  -68  -66  -61  -66  -31
        -71  -66  -78  -70  -61  -60  -44  -65  -76  -45  -58  -56  -77  -66  -64  -69  -53  -49  -61  -56
        -80  -62  -62  -54  -67  -69  -58  -76  -79  -48  -63  -67

[ 2026-04-14 18:12:42.709 ] ,总的数据长度1062 ：
[ 2026-04-14 18:12:42.709 ] 总长度:1086
[ 2026-04-14 18:12:42.709 ] 解析原子数据帧头：
LEADER:-286331154 VER:1 STC:1776161560 TS:2026-4-14 18:12:42:109 PL:1062 EL:0
解析原子数据帧体:
扫频频谱观测数据:DT:12 DL:1057
频段序号:1  信道总数:1441
起始频率:149.8000MHz  结束频率:162.5750MHz  起始频率序号: 512
步长:25.0000kHz  帧信道数量:512
电平: -40  -50  -77  -80  -77  -92  -53  -52  -40  -52  -56  -76  -75  -71  -60  -57  -52  -65  -77  -66
        -80  -60  -57  -71  -39  -56  -73  -59  -67  -88  -56  -38  -70  -86  -56  -74  -57  -61  -76  -58
        -50  -89  -75  -67  -71  -79  -68  -54  -62  -67  -61  -51  -66  -54  -75  -56  -69  -60  -49  -65
        -70  -79  -74  -83  -73  -86  -58  -57  -56  -54  -58  -67  -33  -68  -69  -77  -69  -82  -69  -48
        -51  -54  -62  -58  -77  -89  -56  -37  -77  -62  -70  -69  -90  -68  -53  -50  -72  -81  -71  -77
        -55  -58  -46  -71  -56  -64  -54  -71  -62  -56  -60  -64  -73  -75  -66  -69  -48  -61  -41  -57
        -46  -38  -51  -57  -70  -59  -62  -51  -44  -62  -74  -64  -73  -65  -71  -66  -43  -74  -57  -69
        -60  -62  -73  -68  -78  -76  -55  -77  -77  -75  -52  -48  -72  -56  -66  -62  -68  -66  -57  -58
        -60  -52  -70  -56  -68  -53  -67  -66  -53  -61  -78  -71  -80  -56  -58  -85  -72  -38  -63  -58
        -51  -62  -68  -62  -70  -69  -62  -55  -62  -72  -56  -51  -61  -76  -56  -92  -58  -72  -51  -43
        -53  -65  -64  -80  -62  -47  -56  -57  -64  -65  -71  -68  -69  -65  -50  -69  -47  -70  -81  -55
        -62  -66  -63  -64  -44  -58  -71  -70  -50  -62  -55  -67  -43  -68  -65  -72  -47  -62  -54  -62
        -58  -63  -77  -67  -75  -48  -73  -46  -69  -70  -79  -75  -87  -78  -55  -51  -60  -71  -78  -80
        -76  -85  -90  -58  -52  -55  -62  -55  -51  -77  -58  -77  -35  -53  -68  -76  -59  -56  -64  -53
        -38  -47  -72  -72  -63  -63  -76  -68  -63  -48  -56  -74  -73  -56  -58  -75  -56  -40  -76  -61
        -54  -52  -66  -45  -50  -70  -44  -68  -70  -86  -70  -60  -59  -76  -88  -83  -59  -60  -60  -70
        -47  -71  -56  -72  -68  -73  -48  -57  -51  -89  -71  -73  -57  -73  -63  -69  -45  -66  -52  -70
        -51  -76  -90  -57  -70  -57  -75  -58  -46  -73  -54  -54  -70  -62  -54  -68  -70  -69  -57  -65
        -48  -62  -66  -82  -73  -79  -64  -42  -60  -67  -67  -50  -70  -68  -64  -85  -40  -68  -49  -59
        -78  -56  -61  -69  -72  -39  -67  -49  -79  -63  -66  -76  -41  -57  -74  -80  -79  -78  -73  -43
        -36  -65  -64  -81  -81  -64  -55  -48  -47  -71  -78  -73  -59  -76  -55  -74  -65  -60  -58  -69
        -82  -48  -76  -58  -41  -64  -94  -66  -95  -83  -72  -35  -78  -66  -65  -65  -75  -52  -49  -59
        -72  -49  -88  -75  -57  -60  -68  -50  -60  -68  -71  -66  -67  -70  -69  -57  -66  -64  -76  -78
        -73  -92  -54  -54  -72  -59  -80  -75  -77  -59  -59  -51  -51  -75  -57  -66  -73  -58  -58  -50
        -64  -70  -66  -45  -72  -82  -60  -61  -70  -71  -66  -85  -53  -69  -41  -56  -46  -66  -83  -62
        -62  -68  -67  -47  -42  -51  -64  -71  -90  -67  -71  -64

[ 2026-04-14 18:12:42.816 ] ,总的数据长度872 ：
[ 2026-04-14 18:12:42.816 ] 总长度:896
[ 2026-04-14 18:12:42.816 ] 解析原子数据帧头：
LEADER:-286331154 VER:1 STC:1776161560 TS:2026-4-14 18:12:42:316 PL:872 EL:0
解析原子数据帧体:
扫频频谱观测数据:DT:12 DL:867
频段序号:1  信道总数:1441
起始频率:162.6000MHz  结束频率:173.0000MHz  起始频率序号: 1024
步长:25.0000kHz  帧信道数量:417
电平: -66  -59  -64  -59  -77  -72  -75  -62  -53  -88  -69  -87  -66  -55  -65  -40  -47  -107  -75  -75
        -53  -62  -65  -74  -71  -72  -90  -74  -66  -56  -45  -50  -66  -60  -71  -66  -82  -74  -72  -61
        -44  -63  -69  -90  -58  -88  -69  -50  -57  -67  -62  -77  -60  -62  -63  -53  -62  -71  -59  -84
        -80  -72  -66  -55  -64  -85  -59  -104  -78  -61  -58  -49  -52  -50  -67  -75  -85  -61  -63  -56
        -51  -37  -64  -72  -68  -78  -29  -70  -50  -49  -58  -73  -80  -72  -78  -62  -59  -64  -68  -67
        -56  -57  -66  -75  -57  -66  -68  -81  -58  -80  -55  -55  -79  -56  -61  -75  -75  -71  -42  -71
        -56  -71  -70  -77  -65  -59  -72  -83  -57  -60  -74  -61  -74  -73  -70  -64  -74  -57  -77  -66
        -91  -54  -72  -69  -58  -60  -61  -76  -68  -54  -78  -63  -74  -55  -58  -72  -76  -85  -72  -58
        -58  -75  -56  -66  -69  -67  -60  -64  -67  -69  -60  -55  -72  -63  -73  -70  -47  -72  -58  -69
        -73  -59  -74  -57  -34  -67  -69  -74  -56  -72  -63  -65  -96  -51  -67  -46  -63  -63  -63  -57
        -62  -86  -84  -73  -63  -48  -70  -63  -66  -72  -49  -79  -68  -81  -50  -68  -68  -79  -78  -59
        -77  -56  -52  -35  -72  -65  -68  -75  -57  -69  -64  -63  -68  -75  -61  -71  -69  -55  -37  -56
        -82  -65  -72  -75  -69  -76  -79  -59  -47  -65  -52  -73  -71  -56  -59  -52  -65  -83  -82  -92
        -73  -56  -46  -60  -71  -85  -76  -73  -77  -77  -67  -50  -70  -89  -58  -77  -73  -62  -50  -44
        -78  -56  -66  -85  -46  -73  -52  -62  -62  -58  -64  -75  -82  -74  -46  -58  -76  -83  -62  -67
        -94  -70  -87  -49  -49  -51  -56  -72  -70  -63  -59  -72  -52  -60  -69  -75  -69  -78  -60  -63
        -59  -57  -81  -81  -71  -90  -57  -71  -59  -74  -68  -59  -59  -75  -58  -46  -63  -75  -69  -71
        -73  -73  -93  -66  -45  -69  -75  -76  -78  -79  -63  -65  -54  -57  -89  -71  -90  -67  -59  -58
        -58  -52  -71  -77  -73  -71  -72  -53  -59  -52  -73  -69  -50  -44  -42  -56  -31  -43  -57  -66
        -70  -69  -75  -39  -67  -61  -57  -60  -60  -62  -60  -59  -69  -62  -74  -65  -60  -72  -68  -71
        -71  -62  -72  -75  -74  -76  -61  -45  -63  -65  -75  -71  -71  -70  -53  -63  -63

[ 2026-04-14 18:12:43.065 ] ,总的数据长度1062 ：
[ 2026-04-14 18:12:43.065 ] 总长度:1086
[ 2026-04-14 18:12:43.065 ] 解析原子数据帧头：
LEADER:-286331154 VER:1 STC:1776161560 TS:2026-4-14 18:12:43:465 PL:1062 EL:0
解析原子数据帧体:
扫频频谱观测数据:DT:12 DL:1057
频段序号:1  信道总数:1441
起始频率:137.0000MHz  结束频率:149.7750MHz  起始频率序号: 0
步长:25.0000kHz  帧信道数量:512
电平: -55  -61  -77  -71  -84  -62  -71  -49  -64  -62  -70  -68  -65  -66  -72  -87  -62  -52  -62  -75
        -90  -59  -70  -58  -64  -85  -84  -75  -79  -62  -74  -66  -71  -55  -61  -63  -67  -76  -63  -57
        -69  -66  -85  -53  -69  -59  -58  -54  -51  -61  -76  -80  -68  -63  -69  -64  -80  -78  -61  -82
        -66  -59  -54  -60  -65  -69  -85  -74  -58  -57  -48  -58  -46  -52  -63  -56  -66  -58  -86  -62
        -67  -49  -67  -54  -70  -64  -69  -81  -51  -55  -52  -66  -77  -61  -58  -52  -72  -63  -70  -90
        -62  -69  -74  -85  -81  -71  -59  -69  -68  -52  -73  -60  -77  -74  -57  -75  -77  -54  -82  -89
        -56  -54  -70  -52  -75  -62  -51  -59  -52  -92  -72  -63  -71  -60  -77  -45  -45  -52  -71  -69
        -68  -69  -85  -41  -56  -66  -73  -75  -60  -69  -73  -58  -56  -76  -69  -96  -76  -64  -50  -57
        -53  -65  -52  -86  -69  -53  -66  -57  -66  -65  -63  -79  -66  -63  -72  -50  -61  -60  -65  -76
        -88  -48  -54  -59  -60  -50  -55  -70  -57  -46  -89  -60  -70  -85  -50  -67  -72  -68  -59  -76
        -76  -53  -74  -58  -73  -52  -49  -64  -45  -60  -82  -60  -75  -63  -62  -51  -45  -45  -72  -66
        -75  -61  -67  -62  -49  -60  -74  -65  -62  -68  -61  -59  -60  -65  -57  -50  -56  -68  -68  -39
        -51  -49  -67  -62  -79  -65  -55  -70  -72  -60  -64  -47  -67  -53  -55  -56  -60  -42  -62  -60
        -68  -72  -53  -43  -55  -44  -58  -64  -62  -70  -51  -50  -52  -73  -40  -71  -75  -52  -62  -65
        -63  -62  -67  -58  -81  -66  -75  -56  -59  -65  -62  -74  -63  -68  -56  -57  -46  -72  -66  -66
        -51  -61  -72  -63  -56  -68  -80  -59  -54  -52  -62  -61  -49  -51  -76  -56  -50  -67  -64  -64
        -42  -51  -48  -58  -78  -56  -49  -73  -68  -59  -78  -60  -83  -55  -74  -64  -56  -60  -73  -76
        -72  -68  -65  -68  -56  -60  -64  -42  -79  -49  -51  -41  -51  -57  -64  -80  -80  -73  -57  -38
        -63  -61  -51  -83  -74  -61  -67  -62  -62  -48  -70  -83  -59  -65  -70  -64  -63  -63  -69  -57
        -55  -52  -59  -45  -51  -71  -63  -78  -68  -66  -62  -30  -61  -69  -51  -59  -80  -59  -66  -73
        -52  -77  -71  -62  -64  -69  -63  -59  -43  -68  -76  -47  -64  -64  -69  -42  -48  -74  -99  -76
        -61  -53  -48  -52  -52  -62  -53  -71  -94  -54  -57  -57  -61  -54  -48  -81  -63  -66  -70  -44
        -46  -55  -58  -74  -59  -62  -59  -65  -62  -72  -68  -66  -67  -49  -56  -45  -59  -85  -72  -75
        -70  -49  -83  -50  -46  -62  -47  -55  -61  -53  -71  -38  -47  -77  -67  -61  -82  -77  -66  -49
        -59  -58  -72  -62  -56  -57  -48  -54  -58  -42  -63  -63  -69  -83  -68  -46  -55  -59  -74  -93
        -79  -65  -60  -56  -69  -64  -45  -77  -72  -49  -68  -40

[ 2026-04-14 18:12:43.174 ] ,总的数据长度1062 ：
[ 2026-04-14 18:12:43.174 ] 总长度:1086
[ 2026-04-14 18:12:43.174 ] 解析原子数据帧头：
LEADER:-286331154 VER:1 STC:1776161560 TS:2026-4-14 18:12:43:674 PL:1062 EL:0
解析原子数据帧体:
扫频频谱观测数据:DT:12 DL:1057
频段序号:1  信道总数:1441
起始频率:149.8000MHz  结束频率:162.5750MHz  起始频率序号: 512
步长:25.0000kHz  帧信道数量:512
电平: -49  -53  -67  -61  -65  -67  -59  -55  -53  -65  -63  -79  -76  -58  -60  -53  -67  -37  -56  -56
        -72  -62  -39  -55  -47  -41  -53  -69  -78  -75  -59  -60  -71  -73  -76  -88  -72  -80  -66  -58
        -54  -57  -56  -65  -68  -52  -52  -39  -59  -55  -45  -86  -71  -66  -59  -48  -48  -51  -70  -57
        -87  -50  -52  -60  -60  -50  -79  -54  -90  -62  -64  -54  -67  -61  -76  -88  -68  -54  -41  -45
        -58  -62  -78  -59  -54  -79  -68  -52  -59  -71  -69  -74  -73  -73  -76  -46  -74  -58  -58  -75
        -63  -90  -56  -50  -53  -71  -71  -61  -56  -66  -89  -55  -43  -52  -80  -76  -81  -55  -59  -78
        -66  -52  -63  -53  -83  -46  -48  -43  -50  -58  -63  -69  -71  -78  -77  -52  -65  -65  -67  -72
        -54  -68  -69  -61  -70  -74  -54  -72  -68  -70  -64  -59  -41  -69  -79  -74  -76  -60  -55  -49
        -52  -41  -63  -74  -69  -65  -65  -46  -75  -62  -59  -90  -76  -71  -53  -41  -54  -67  -70  -55
        -87  -66  -57  -64  -58  -67  -54  -58  -64  -63  -66  -37  -85  -65  -68  -72  -81  -55  -53  -47
        -62  -54  -62  -67  -95  -73  -55  -39  -75  -53  -73  -86  -97  -55  -57  -57  -60  -41  -57  -46
        -78  -77  -60  -66  -66  -100  -64  -68  -61  -61  -71  -65  -87  -63  -82  -65  -76  -68  -43  -63
        -65  -51  -71  -51  -63  -55  -61  -63  -65  -80  -68  -78  -62  -71  -73  -80  -79  -68  -63  -80
        -65  -84  -49  -48  -56  -62  -56  -70  -63  -36  -44  -70  -57  -54  -72  -81  -75  -71  -67  -53
        -61  -63  -83  -56  -60  -82  -61  -58  -69  -55  -62  -80  -70  -46  -69  -72  -41  -50  -50  -62
        -69  -76  -50  -62  -75  -42  -75  -62  -86  -79  -45  -52  -66  -54  -58  -82  -67  -69  -64  -46
        -56  -55  -42  -68  -84  -75  -56  -80  -55  -57  -88  -88  -72  -64  -69  -70  -55  -55  -50  -69
        -69  -74  -54  -60  -39  -77  -71  -76  -64  -64  -49  -52  -69  -70  -62  -74  -84  -62  -74  -46
        -50  -62  -49  -67  -90  -80  -81  -57  -63  -77  -61  -90  -62  -63  -69  -55  -71  -65  -68  -81
        -67  -38  -51  -70  -81  -64  -74  -77  -79  -70  -54  -50  -47  -62  -78  -71  -75  -61  -73  -60
        -57  -39  -50  -64  -72  -52  -65  -87  -73  -60  -73  -59  -53  -69  -56  -75  -46  -68  -57  -79
        -59  -67  -74  -61  -70  -49  -65  -57  -86  -61  -66  -52  -60  -84  -67  -51  -76  -67  -72  -73
        -51  -52  -76  -65  -65  -68  -50  -46  -54  -71  -75  -61  -66  -58  -57  -45  -77  -60  -80  -61
        -78  -66  -68  -68  -52  -87  -48  -65  -92  -41  -95  -53  -58  -74  -77  -75  -75  -62  -82  -74
        -72  -56  -55  -71  -80  -59  -71  -52  -66  -40  -64  -65  -77  -66  -61  -66  -76  -56  -61  -79
        -63  -55  -54  -54  -36  -76  -84  -53  -59  -64  -59  -37

[ 2026-04-14 18:12:43.316 ] ,总的数据长度872 ：
[ 2026-04-14 18:12:43.316 ] 总长度:896
[ 2026-04-14 18:12:43.316 ] 解析原子数据帧头：
LEADER:-286331154 VER:1 STC:1776161560 TS:2026-4-14 18:12:43:916 PL:872 EL:0
解析原子数据帧体:
扫频频谱观测数据:DT:12 DL:867
频段序号:1  信道总数:1441
起始频率:162.6000MHz  结束频率:173.0000MHz  起始频率序号: 1024
步长:25.0000kHz  帧信道数量:417
电平: -51  -72  -82  -59  -49  -59  -56  -42  -66  -47  -66  -71  -74  -77  -71  -75  -59  -62  -80  -79
        -70  -88  -78  -64  -68  -77  -47  -71  -49  -65  -47  -63  -47  -56  -39  -54  -80  -71  -67  -62
        -53  -76  -78  -72  -95  -66  -61  -31  -62  -59  -68  -90  -79  -67  -71  -43  -69  -53  -80  -71
        -56  -53  -64  -59  -48  -63  -65  -69  -90  -53  -71  -57  -81  -72  -61  -89  -85  -56  -65  -63
        -65  -49  -67  -63  -73  -72  -65  -68  -70  -64  -72  -88  -92  -77  -45  -76  -52  -56  -55  -71
        -89  -76  -77  -57  -59  -42  -53  -79  -72  -77  -45  -57  -59  -78  -65  -57  -86  -73  -54  -59
        -64  -71  -71  -77  -73  -69  -65  -62  -64  -66  -93  -57  -71  -66  -60  -48  -60  -56  -61  -86
        -76  -88  -82  -58  -71  -47  -73  -88  -84  -63  -70  -51  -51  -45  -79  -60  -61  -79  -48  -63
        -70  -75  -65  -73  -85  -53  -61  -53  -59  -71  -55  -66  -56  -74  -66  -50  -70  -60  -82  -77
        -76  -61  -43  -47  -68  -60  -65  -59  -74  -71  -71  -55  -78  -69  -57  -98  -84  -35  -54  -82
        -51  -84  -60  -61  -92  -71  -68  -78  -61  -76  -62  -65  -68  -58  -55  -52  -61  -75  -89  -75
        -78  -62  -54  -78  -63  -75  -65  -59  -70  -61  -63  -46  -76  -54  -70  -60  -69  -66  -63  -61
        -57  -71  -47  -56  -69  -81  -59  -56  -54  -62  -62  -59  -75  -73  -59  -52  -58  -58  -69  -81
        -88  -64  -66  -91  -54  -61  -85  -80  -83  -73  -51  -57  -49  -70  -82  -91  -64  -69  -65  -71
        -46  -67  -68  -83  -65  -83  -68  -45  -55  -49  -57  -68  -60  -84  -85  -51  -58  -55  -61  -75
        -65  -62  -84  -72  -56  -38  -74  -66  -90  -59  -53  -44  -64  -42  -74  -77  -72  -72  -58  -67
        -55  -55  -76  -65  -63  -62  -79  -76  -72  -67  -63  -93  -69  -64  -66  -66  -52  -76  -77  -63
        -60  -67  -63  -47  -63  -60  -58  -71  -76  -72  -61  -80  -59  -57  -90  -75  -69  -72  -78  -55
        -62  -64  -67  -67  -83  -58  -86  -64  -65  -59  -66  -44  -27  -48  -60  -64  -53  -56  -64  -79
        -70  -55  -90  -57  -62  -62  -66  -77  -73  -65  -57  -38  -65  -56  -55  -71  -68  -58  -65  -60
        -57  -66  -43  -82  -89  -69  -69  -45  -48  -54  -46  -85  -68  -73  -61  -52  -77

[ 2026-04-14 18:12:43.424 ] ,总的数据长度1062 ：
[ 2026-04-14 18:12:43.424 ] 总长度:1086
[ 2026-04-14 18:12:43.424 ] 解析原子数据帧头：
LEADER:-286331154 VER:1 STC:1776161560 TS:2026-4-14 18:12:43:924 PL:1062 EL:0
解析原子数据帧体:
扫频频谱观测数据:DT:12 DL:1057
频段序号:1  信道总数:1441
起始频率:137.0000MHz  结束频率:149.7750MHz  起始频率序号: 0
步长:25.0000kHz  帧信道数量:512
电平: -58  -59  -54  -73  -68  -55  -49  -47  -53  -62  -60  -68  -61  -66  -62  -85  -60  -61  -66  -89
        -69  -67  -65  -54  -62  -81  -64  -64  -78  -68  -58  -50  -69  -71  -71  -81  -71  -58  -56  -44
        -43  -56  -64  -69  -61  -68  -53  -60  -59  -66  -65  -62  -87  -53  -55  -67  -87  -81  -74  -58
        -83  -77  -83  -54  -68  -62  -73  -73  -59  -74  -61  -52  -68  -69  -65  -61  -85  -55  -49  -56
        -56  -56  -79  -66  -73  -57  -69  -43  -67  -72  -100  -68  -68  -84  -75  -57  -70  -73  -56  -66
        -60  -61  -55  -53  -61  -85  -81  -78  -71  -69  -63  -53  -75  -79  -51  -83  -57  -61  -61  -47
        -50  -68  -71  -60  -71  -72  -74  -67  -37  -65  -58  -82  -58  -64  -45  -63  -58  -56  -64  -64
        -84  -84  -53  -48  -60  -68  -57  -80  -48  -59  -49  -44  -66  -77  -87  -70  -62  -60  -49  -76
        -55  -71  -56  -85  -63  -62  -64  -66  -78  -69  -69  -82  -59  -78  -60  -44  -54  -79  -57  -58
        -75  -63  -71  -73  -47  -68  -59  -63  -82  -70  -40  -64  -46  -65  -63  -75  -64  -63  -82  -39
        -40  -67  -72  -58  -62  -79  -62  -54  -35  -62  -59  -65  -45  -62  -83  -66  -39  -36  -62  -85
        -51  -80  -73  -58  -65  -59  -69  -68  -73  -80  -63  -81  -60  -55  -59  -61  -70  -75  -51  -51
        -61  -46  -69  -57  -71  -56  -48  -44  -54  -64  -49  -54  -35  -37  -70  -44  -50  -72  -57  -40
        -93  -69  -64  -57  -40  -79  -68  -68  -60  -66  -54  -43  -44  -72  -52  -73  -70  -50  -55  -58
        -54  -78  -56  -72  -76  -77  -74  -39  -56  -56  -48  -77  -84  -76  -77  -38  -68  -51  -69  -72
        -68  -78  -62  -47  -65  -59  -60  -81  -74  -65  -64  -67  -41  -63  -89  -77  -87  -60  -50  -48
        -54  -86  -70  -69  -61  -66  -69  -55  -41  -57  -83  -52  -73  -65  -63  -62  -51  -66  -88  -79
        -74  -45  -73  -53  -45  -67  -73  -71  -78  -47  -63  -66  -43  -58  -72  -72  -63  -55  -46  -48
        -69  -65  -55  -55  -61  -44  -61  -69  -56  -48  -74  -67  -56  -88  -62  -73  -42  -50  -40  -77
        -83  -64  -43  -64  -65  -52  -59  -48  -73  -55  -50  -48  -56  -56  -39  -76  -70  -53  -55  -65
        -51  -52  -72  -56  -82  -68  -72  -65  -44  -44  -58  -61  -76  -62  -65  -56  -61  -69  -56  -70
        -67  -80  -49  -35  -36  -57  -72  -68  -67  -52  -57  -39  -82  -68  -58  -58  -39  -65  -60  -46
        -57  -56  -63  -83  -58  -69  -57  -46  -83  -65  -65  -75  -78  -60  -56  -56  -57  -61  -76  -75
        -64  -80  -49  -53  -63  -59  -63  -61  -57  -53  -51  -62  -51  -29  -62  -72  -83  -57  -63  -67
        -54  -53  -57  -57  -75  -81  -62  -42  -64  -50  -70  -64  -82  -60  -75  -59  -52  -55  -70  -58
        -63  -67  -44  -65  -56  -61  -58  -81  -61  -74  -77  -66

[ 2026-04-14 18:12:43.565 ] ,总的数据长度1062 ：
[ 2026-04-14 18:12:43.565 ] 总长度:1086
[ 2026-04-14 18:12:43.565 ] 解析原子数据帧头：
LEADER:-286331154 VER:1 STC:1776161560 TS:2026-4-14 18:12:43:165 PL:1062 EL:0
解析原子数据帧体:
扫频频谱观测数据:DT:12 DL:1057
频段序号:1  信道总数:1441
起始频率:149.8000MHz  结束频率:162.5750MHz  起始频率序号: 512
步长:25.0000kHz  帧信道数量:512
电平: -50  -86  -76  -70  -52  -55  -54  -58  -40  -57  -53  -55  -63  -59  -57  -54  -58  -48  -66  -48
        -63  -84  -75  -56  -46  -65  -58  -54  -70  -45  -52  -49  -77  -65  -55  -92  -60  -57  -67  -55
        -55  -79  -72  -74  -61  -63  -60  -76  -50  -54  -60  -69  -68  -62  -54  -46  -85  -53  -61  -87
        -55  -54  -62  -73  -64  -50  -66  -73  -48  -95  -57  -53  -64  -62  -55  -62  -52  -74  -59  -77
        -61  -80  -46  -70  -61  -63  -80  -55  -53  -51  -60  -67  -81  -66  -50  -63  -58  -76  -58  -62
        -55  -76  -61  -64  -58  -58  -64  -70  -89  -52  -75  -48  -65  -67  -52  -59  -55  -52  -64  -39
        -50  -45  -58  -74  -49  -64  -64  -48  -51  -80  -46  -73  -75  -63  -59  -44  -47  -69  -58  -57
        -68  -73  -57  -71  -34  -76  -72  -74  -65  -70  -47  -50  -79  -65  -57  -78  -58  -54  -60  -44
        -72  -58  -65  -59  -58  -73  -73  -58  -57  -49  -61  -91  -72  -97  -67  -69  -53  -77  -67  -63
        -66  -59  -44  -63  -68  -68  -56  -84  -70  -67  -74  -50  -59  -56  -59  -67  -85  -70  -90  -46
        -55  -52  -69  -78  -69  -58  -62  -55  -52  -66  -78  -60  -66  -65  -64  -47  -65  -60  -54  -88
        -94  -53  -52  -52  -78  -34  -64  -68  -48  -59  -68  -63  -50  -43  -84  -65  -72  -59  -58  -55
        -63  -66  -57  -66  -76  -81  -64  -68  -59  -68  -43  -71  -63  -64  -72  -54  -56  -54  -59  -69
        -69  -52  -82  -49  -63  -34  -55  -75  -70  -79  -72  -41  -72  -68  -64  -55  -78  -60  -68  -57
        -53  -83  -68  -91  -70  -62  -71  -53  -73  -53  -70  -79  -63  -57  -44  -63  -50  -61  -76  -60
        -73  -71  -60  -49  -58  -47  -78  -75  -78  -62  -78  -65  -55  -65  -78  -60  -83  -49  -54  -66
        -45  -68  -84  -83  -71  -89  -64  -58  -76  -82  -67  -80  -89  -72  -66  -66  -53  -84  -69  -73
        -86  -59  -50  -60  -71  -56  -63  -65  -79  -65  -66  -49  -63  -27  -71  -59  -55  -71  -60  -46
        -48  -73  -57  -72  -64  -82  -54  -63  -63  -67  -50  -67  -73  -105  -65  -72  -42  -79  -73  -62
        -71  -76  -54  -56  -61  -82  -57  -59  -67  -57  -58  -62  -74  -92  -51  -77  -73  -59  -49  -60
        -51  -67  -82  -65  -76  -65  -78  -59  -53  -61  -75  -82  -67  -73  -60  -53  -76  -58  -56  -83
        -65  -52  -72  -48  -47  -46  -59  -75  -78  -49  -67  -58  -73  -42  -82  -81  -73  -82  -55  -44
        -58  -51  -66  -70  -74  -52  -46  -87  -63  -77  -59  -72  -82  -59  -61  -46  -64  -81  -91  -78
        -91  -57  -64  -70  -56  -71  -54  -81  -77  -69  -72  -76  -61  -53  -70  -70  -65  -74  -82  -60
        -58  -58  -67  -77  -67  -59  -52  -56  -54  -64  -82  -85  -73  -86  -85  -55  -54  -68  -69  -73
        -76  -34  -53  -34  -60  -55  -45  -72  -66  -46  -53  -65

[ 2026-04-14 18:12:43.674 ] ,总的数据长度872 ：
[ 2026-04-14 18:12:43.674 ] 总长度:896
[ 2026-04-14 18:12:43.674 ] 解析原子数据帧头：
LEADER:-286331154 VER:1 STC:1776161560 TS:2026-4-14 18:12:43:374 PL:872 EL:0
解析原子数据帧体:
扫频频谱观测数据:DT:12 DL:867
频段序号:1  信道总数:1441
起始频率:162.6000MHz  结束频率:173.0000MHz  起始频率序号: 1024
步长:25.0000kHz  帧信道数量:417
电平: -53  -80  -87  -63  -59  -73  -64  -65  -72  -81  -79  -69  -67  -64  -68  -52  -66  -55  -66  -70
        -74  -72  -68  -59  -78  -67  -84  -81  -76  -69  -82  -67  -56  -57  -65  -60  -72  -72  -66  -71
        -66  -43  -64  -71  -61  -76  -53  -43  -33  -77  -84  -84  -90  -71  -70  -65  -64  -86  -78  -82
        -71  -54  -73  -59  -46  -64  -62  -77  -78  -48  -56  -62  -69  -89  -83  -69  -72  -74  -59  -57
        -57  -80  -69  -67  -84  -72  -39  -49  -57  -75  -57  -73  -71  -73  -57  -71  -76  -53  -62  -49
        -52  -58  -66  -78  -47  -64  -77  -95  -80  -79  -67  -49  -48  -52  -83  -77  -78  -65  -67  -60
        -43  -63  -72  -77  -66  -65  -82  -53  -45  -81  -66  -75  -69  -61  -55  -64  -74  -54  -69  -91
        -87  -60  -47  -52  -65  -84  -57  -70  -63  -71  -51  -49  -37  -71  -74  -80  -66  -47  -60  -68
        -56  -70  -54  -87  -79  -56  -68  -59  -54  -70  -52  -63  -62  -65  -57  -63  -52  -72  -69  -58
        -89  -70  -57  -60  -66  -61  -72  -66  -89  -96  -52  -70  -59  -60  -63  -79  -78  -73  -62  -58
        -48  -68  -71  -63  -74  -66  -66  -64  -72  -63  -54  -59  -75  -86  -78  -60  -68  -82  -66  -80
        -80  -52  -59  -61  -66  -84  -76  -70  -72  -66  -71  -63  -62  -59  -69  -68  -75  -70  -72  -39
        -64  -67  -60  -73  -83  -65  -73  -55  -59  -47  -61  -62  -87  -79  -90  -67  -86  -62  -55  -51
        -76  -84  -70  -62  -83  -53  -71  -93  -75  -68  -69  -53  -52  -58  -74  -86  -75  -64  -43  -71
        -60  -75  -52  -74  -78  -68  -55  -69  -54  -74  -64  -56  -78  -71  -72  -57  -70  -64  -75  -57
        -70  -66  -77  -81  -70  -75  -76  -96  -80  -63  -76  -51  -47  -70  -57  -85  -75  -45  -67  -51
        -51  -72  -75  -63  -66  -53  -54  -34  -72  -73  -63  -87  -75  -92  -62  -53  -62  -48  -92  -77
        -73  -58  -50  -53  -53  -62  -63  -56  -83  -75  -41  -37  -61  -47  -77  -61  -73  -72  -56  -39
        -58  -72  -73  -63  -80  -69  -50  -50  -46  -42  -53  -58  -62  -55  -26  -53  -42  -64  -58  -82
        -71  -85  -51  -95  -49  -67  -81  -84  -80  -68  -51  -55  -57  -75  -50  -75  -55  -52  -62  -73
        -73  -77  -71  -84  -56  -70  -49  -44  -52  -69  -79  -87  -69  -61  -63  -36  -56

[ 2026-04-14 18:12:43.815 ] ,总的数据长度1062 ：
[ 2026-04-14 18:12:43.815 ] 总长度:1086
[ 2026-04-14 18:12:43.815 ] 解析原子数据帧头：
LEADER:-286331154 VER:1 STC:1776161560 TS:2026-4-14 18:12:43:415 PL:1062 EL:0
解析原子数据帧体:
扫频频谱观测数据:DT:12 DL:1057
频段序号:1  信道总数:1441
起始频率:137.0000MHz  结束频率:149.7750MHz  起始频率序号: 0
步长:25.0000kHz  帧信道数量:512
电平: -60  -68  -64  -78  -70  -67  -71  -66  -60  -59  -56  -88  -78  -62  -67  -59  -54  -67  -78  -78
        -70  -68  -58  -76  -64  -67  -75  -74  -73  -61  -56  -56  -55  -70  -76  -57  -83  -82  -63  -58
        -60  -52  -71  -83  -62  -68  -57  -70  -49  -71  -51  -51  -96  -66  -65  -63  -66  -72  -54  -47
        -82  -64  -67  -54  -61  -55  -66  -46  -56  -67  -56  -68  -64  -93  -70  -86  -84  -68  -54  -60
        -60  -61  -67  -83  -69  -58  -55  -70  -64  -57  -73  -70  -65  -66  -57  -52  -49  -73  -67  -82
        -72  -47  -77  -55  -64  -75  -67  -68  -63  -78  -59  -57  -47  -74  -65  -84  -83  -67  -59  -65
        -35  -54  -62  -68  -60  -72  -58  -38  -47  -60  -59  -73  -69  -77  -51  -41  -44  -64  -82  -72
        -64  -52  -55  -68  -56  -47  -62  -53  -70  -37  -58  -60  -50  -68  -78  -85  -78  -53  -73  -63
        -43  -59  -64  -61  -80  -50  -58  -47  -44  -78  -50  -91  -77  -79  -72  -41  -43  -58  -55  -67
        -68  -61  -66  -49  -70  -62  -57  -63  -57  -47  -52  -75  -56  -67  -62  -58  -55  -62  -80  -55
        -64  -63  -56  -72  -66  -63  -55  -55  -77  -51  -79  -87  -82  -45  -70  -53  -51  -59  -61  -62
        -66  -49  -55  -55  -53  -68  -79  -60  -63  -70  -57  -58  -53  -61  -53  -80  -55  -55  -69  -45
        -69  -50  -52  -57  -74  -68  -56  -70  -35  -45  -34  -49  -43  -63  -37  -74  -53  -68  -68  -51
        -59  -54  -50  -63  -56  -53  -82  -60  -65  -51  -50  -59  -48  -78  -54  -65  -74  -51  -56  -82
        -65  -52  -70  -70  -54  -81  -58  -66  -65  -62  -71  -95  -78  -86  -69  -70  -55  -78  -69  -75
        -65  -66  -52  -57  -55  -64  -52  -76  -80  -67  -76  -52  -54  -60  -73  -77  -65  -64  -79  -49
        -41  -48  -62  -79  -82  -62  -71  -79  -61  -55  -63  -61  -61  -50  -46  -43  -52  -62  -52  -68
        -59  -56  -57  -61  -41  -62  -58  -86  -54  -70  -50  -53  -58  -44  -50  -78  -63  -55  -59  -81
        -63  -73  -73  -62  -66  -63  -47  -61  -59  -58  -62  -68  -65  -61  -60  -53  -45  -48  -65  -76
        -98  -77  -48  -71  -59  -49  -65  -61  -59  -85  -54  -73  -68  -61  -55  -73  -49  -66  -37  -49
        -65  -74  -64  -79  -58  -59  -65  -50  -55  -47  -66  -53  -73  -62  -53  -53  -38  -67  -43  -70
        -66  -54  -61  -75  -59  -62  -67  -67  -86  -47  -68  -58  -61  -55  -68  -70  -68  -62  -60  -54
        -61  -56  -52  -70  -84  -79  -54  -52  -68  -72  -72  -64  -73  -66  -76  -67  -54  -55  -74  -47
        -64  -54  -49  -73  -68  -57  -84  -65  -76  -68  -55  -47  -62  -67  -53  -57  -58  -61  -63  -49
        -63  -49  -83  -93  -66  -83  -54  -41  -75  -59  -55  -80  -73  -75  -60  -54  -70  -59  -85  -57
        -73  -58  -100  -50  -64  -64  -61  -71  -64  -95  -67  -59

[ 2026-04-14 18:12:44.065 ] ,总的数据长度1062 ：
[ 2026-04-14 18:12:44.065 ] 总长度:1086
[ 2026-04-14 18:12:44.065 ] 解析原子数据帧头：
LEADER:-286331154 VER:1 STC:1776161560 TS:2026-4-14 18:12:44:765 PL:1062 EL:0
解析原子数据帧体:
扫频频谱观测数据:DT:12 DL:1057
频段序号:1  信道总数:1441
起始频率:149.8000MHz  结束频率:162.5750MHz  起始频率序号: 512
步长:25.0000kHz  帧信道数量:512
电平: -50  -55  -59  -69  -58  -50  -47  -64  -49  -51  -75  -67  -80  -58  -67  -66  -62  -70  -61  -61
        -57  -61  -62  -52  -67  -52  -64  -70  -77  -63  -55  -67  -60  -55  -66  -46  -64  -59  -59  -50
        -66  -54  -57  -60  -67  -54  -48  -50  -51  -53  -76  -83  -81  -51  -59  -48  -58  -69  -90  -96
        -67  -55  -66  -55  -59  -65  -70  -58  -65  -68  -66  -63  -42  -56  -61  -69  -68  -69  -65  -61
        -56  -78  -72  -76  -88  -58  -69  -59  -41  -57  -81  -66  -84  -79  -51  -56  -56  -67  -61  -67
        -44  -60  -46  -43  -64  -75  -53  -60  -72  -70  -71  -52  -62  -54  -59  -77  -37  -39  -45  -44
        -51  -41  -63  -54  -75  -67  -49  -54  -68  -54  -75  -84  -66  -81  -58  -55  -53  -85  -76  -72
        -72  -71  -56  -55  -50  -59  -71  -93  -84  -42  -77  -65  -56  -64  -65  -78  -69  -70  -73  -65
        -49  -62  -64  -79  -59  -57  -63  -54  -51  -66  -59  -73  -83  -53  -56  -55  -74  -70  -88  -73
        -75  -73  -63  -45  -54  -42  -70  -56  -76  -63  -58  -59  -46  -82  -59  -60  -67  -67  -63  -52
        -56  -88  -63  -64  -67  -61  -69  -60  -60  -62  -65  -79  -70  -62  -76  -76  -45  -62  -65  -82
        -85  -66  -62  -80  -68  -81  -58  -94  -63  -64  -66  -58  -79  -62  -50  -82  -53  -55  -55  -54
        -49  -72  -68  -57  -79  -86  -63  -61  -61  -61  -68  -69  -79  -43  -79  -54  -63  -61  -47  -71
        -84  -72  -50  -53  -51  -57  -60  -64  -70  -60  -61  -51  -57  -51  -76  -87  -80  -54  -42  -54
        -85  -49  -64  -79  -70  -71  -51  -55  -65  -52  -69  -70  -66  -72  -60  -66  -53  -58  -75  -71
        -69  -66  -53  -51  -54  -74  -63  -61  -81  -61  -58  -56  -62  -51  -56  -69  -57  -58  -56  -73
        -60  -52  -71  -78  -66  -45  -62  -63  -76  -72  -53  -70  -62  -64  -46  -89  -47  -52  -67  -72
        -67  -74  -65  -70  -52  -63  -75  -72  -62  -60  -54  -60  -54  -63  -85  -60  -84  -67  -50  -62
        -47  -59  -57  -72  -75  -56  -92  -64  -50  -69  -80  -77  -56  -57  -60  -61  -48  -69  -74  -81
        -66  -55  -53  -56  -51  -57  -65  -58  -97  -77  -69  -52  -53  -68  -49  -79  -65  -75  -82  -49
        -57  -62  -75  -74  -70  -69  -58  -41  -74  -60  -46  -95  -62  -75  -63  -65  -65  -60  -52  -73
        -81  -60  -91  -58  -77  -64  -49  -70  -60  -75  -45  -47  -94  -72  -64  -74  -77  -60  -60  -48
        -70  -61  -71  -55  -62  -67  -57  -43  -61  -34  -76  -67  -65  -85  -52  -50  -70  -57  -59  -76
        -49  -80  -55  -46  -48  -60  -81  -87  -68  -64  -50  -60  -75  -58  -72  -91  -78  -92  -66  -61
        -73  -53  -70  -78  -81  -71  -62  -73  -47  -60  -84  -66  -81  -48  -74  -50  -62  -64  -64  -67
        -76  -45  -52  -57  -58  -68  -67  -71  -59  -47  -57  -57

[ 2026-04-14 18:12:44 ] 关闭连接！
[ 2026-04-14 18:12:44 ] 停止服务成功