[ 2026-04-18 12:33:10:158 ] 启动任务中，请稍后...
服务地址：HTTP://127.0.0.1:8282
[ 2026-04-18 12:33:10:163 ] 服务响应成功：
[ 2026-04-18 12:33:10:178 ] source建立数据通道成功，开始接收数据！
[ 2026-04-18 12:33:10:460 ] ,总的数据长度1062 ：
[ 2026-04-18 12:33:10:468 ] 总长度:1086
[ 2026-04-18 12:33:10:473 ] 解析原子数据帧头：
LEADER:-286331154 VER:1 STC:1776486790 TS:2026-4-18 12:33:13:343 PL:1062 EL:0
解析原子数据帧体:
扫频频谱观测数据:DT:12 DL:1057 
频段序号:1  信道总数:1441 
起始频率:137.0000MHz  结束频率:149.7750MHz  起始频率序号: 0 
步长:25.0000kHz  帧信道数量:512 
电平: -70  -57  -54  -71  -55  -52  -50  -45  -60  -63  -66  -78  -60  -86  -60  -40  -45  -68  -58  -50  -61  -56  -47  -73  -51  -63  -52  -85  -62  -47  -63  -50  -47  -61  -78  -79  -73  -82  -85  -47  -51  -70  -82  -65  -88  -91  -48  -62  -57  -80  -58  -63  -60  -45  -60  -77  -67  -66  -41  -76  -87  -49  -47  -51  -51  -78  -48  -65  -73  -51  -77  -68  -43  -61  -67  -63  -63  -79  -77  -58  -80  -90  -82  -67  -61  -73  -48  -65  -83  -57  -78  -67  -62  -55  -68  -60  -35  -70  -53  -69 
[ 2026-04-18 12:33:10:602 ] ,总的数据长度1062 ：
[ 2026-04-18 12:33:10:615 ] 总长度:1086
[ 2026-04-18 12:33:10:627 ] 解析原子数据帧头：
LEADER:-286331154 VER:1 STC:1776486790 TS:2026-4-18 12:33:13:484 PL:1062 EL:0
解析原子数据帧体:
扫频频谱观测数据:DT:12 DL:1057 
频段序号:1  信道总数:1441 
起始频率:149.8000MHz  结束频率:162.5750MHz  起始频率序号: 512 
步长:25.0000kHz  帧信道数量:512 
电平: -59  -59  -68  -72  -66  -55  -56  -78  -37  -61  -80  -58  -66  -71  -48  -56  -82  -56  -63  -56  -74  -49  -55  -52  -64  -82  -61  -70  -76  -63  -63  -55  -59  -63  -69  -55  -68  -70  -54  -78  -35  -69  -84  -53  -70  -66  -52  -63  -59  -65  -71  -68  -72  -82  -70  -66  -61  -68  -76  -86  -80  -79  -56  -70  -54  -67  -72  -74  -59  -82  -74  -73  -66  -57  -84  -74  -92  -65  -65  -73  -48  -52  -83  -73  -72  -77  -64  -72  -68  -70  -52  -93  -84  -52  -71  -48  -33  -64  -55  -76 
[ 2026-04-18 12:33:10:709 ] ,总的数据长度872 ：
[ 2026-04-18 12:33:10:723 ] 总长度:896
[ 2026-04-18 12:33:10:737 ] 解析原子数据帧头：
LEADER:-286331154 VER:1 STC:1776486790 TS:2026-4-18 12:33:13:593 PL:872 EL:0
解析原子数据帧体:
扫频频谱观测数据:DT:12 DL:867 
频段序号:1  信道总数:1441 
起始频率:162.6000MHz  结束频率:173.0000MHz  起始频率序号: 1024 
步长:25.0000kHz  帧信道数量:417 
电平: -69  -65  -39  -82  -75  -69  -72  -57  -64  -82  -69  -73  -63  -61  -68  -55  -47  -65  -49  -86  -68  -87  -57  -55  -86  -70  -65  -80  -80  -60  -61  -53  -67  -78  -73  -88  -65  -89  -59  -53  -67  -65  -89  -81  -75  -77  -74  -58  -74  -56  -46  -70  -57  -60  -64  -52  -44  -91  -70  -58  -80  -51  -74  -56  -54  -62  -66  -67  -79  -73  -75  -75  -64  -67  -45  -70  -57  -88  -58  -42  -52  -61  -62  -73  -76  -54  -33  -46  -55  -32  -78  -50  -66  -67  -59  -45  -48  -58  -75  -70 
[ 2026-04-18 12:33:10:849 ] ,总的数据长度1062 ：
[ 2026-04-18 12:33:10:868 ] 总长度:1086
[ 2026-04-18 12:33:10:887 ] 解析原子数据帧头：
LEADER:-286331154 VER:1 STC:1776486790 TS:2026-4-18 12:33:13:733 PL:1062 EL:0
解析原子数据帧体:
扫频频谱观测数据:DT:12 DL:1057 
频段序号:1  信道总数:1441 
起始频率:137.0000MHz  结束频率:149.7750MHz  起始频率序号: 0 
步长:25.0000kHz  帧信道数量:512 
电平: -70  -69  -55  -67  -63  -62  -58  -57  -63  -57  -99  -86  -72  -52  -74  -49  -57  -49  -50  -77  -77  -59  -57  -54  -70  -60  -71  -77  -50  -46  -39  -55  -59  -72  -72  -74  -66  -67  -72  -65  -37  -70  -68  -52  -69  -81  -67  -45  -60  -60  -86  -57  -59  -73  -45  -45  -41  -60  -52  -66  -52  -54  -49  -60  -77  -49  -73  -81  -65  -79  -54  -66  -54  -50  -61  -62  -54  -53  -71  -60  -51  -61  -59  -84  -67  -61  -66  -56  -49  -48  -46  -67  -74  -70  -65  -46  -64  -60  -53  -63 
[ 2026-04-18 12:33:10:956 ] ,总的数据长度1062 ：
[ 2026-04-18 12:33:10:975 ] 总长度:1086
[ 2026-04-18 12:33:10:991 ] 解析原子数据帧头：
LEADER:-286331154 VER:1 STC:1776486790 TS:2026-4-18 12:33:13:843 PL:1062 EL:0
解析原子数据帧体:
扫频频谱观测数据:DT:12 DL:1057 
频段序号:1  信道总数:1441 
起始频率:149.8000MHz  结束频率:162.5750MHz  起始频率序号: 512 
步长:25.0000kHz  帧信道数量:512 
电平: -67  -80  -56  -69  -81  -67  -59  -72  -52  -61  -72  -71  -72  -89  -47  -81  -67  -59  -67  -69  -63  -77  -59  -70  -67  -55  -66  -45  -57  -62  -66  -64  -56  -62  -56  -77  -48  -61  -64  -56  -48  -73  -67  -76  -69  -67  -58  -74  -62  -61  -59  -87  -59  -73  -53  -64  -85  -74  -85  -68  -71  -71  -64  -64  -74  -65  -65  -72  -85  -85  -69  -78  -75  -82  -62  -59  -98  -92  -69  -62  -49  -62  -77  -70  -86  -75  -62  -62  -83  -53  -85  -83  -63  -84  -57  -57  -65  -63  -64  -79 
[ 2026-04-18 12:33:11:096 ] ,总的数据长度872 ：
[ 2026-04-18 12:33:11:118 ] 总长度:896
[ 2026-04-18 12:33:11:138 ] 解析原子数据帧头：
LEADER:-286331154 VER:1 STC:1776486790 TS:2026-4-18 12:33:13:983 PL:872 EL:0
解析原子数据帧体:
扫频频谱观测数据:DT:12 DL:867 
频段序号:1  信道总数:1441 
起始频率:162.6000MHz  结束频率:173.0000MHz  起始频率序号: 1024 
步长:25.0000kHz  帧信道数量:417 
电平: -75  -53  -62  -77  -65  -80  -52  -55  -59  -49  -66  -72  -61  -62  -63  -68  -69  -49  -70  -85  -79  -65  -74  -59  -47  -51  -81  -60  -62  -71  -72  -81  -85  -62  -74  -64  -61  -75  -80  -61  -53  -50  -72  -83  -90  -73  -67  -63  -58  -73  -77  -61  -76  -79  -64  -57  -49  -67  -52  -80  -72  -74  -61  -67  -50  -83  -69  -55  -59  -56  -69  -63  -54  -45  -83  -73  -84  -61  -82  -57  -65  -70  -70  -60  -69  -58  -74  -63  -61  -44  -74  -77  -84  -62  -74  -51  -43  -68  -76  -74 
[ 2026-04-18 12:33:11:346 ] ,总的数据长度1062 ：
[ 2026-04-18 12:33:11:371 ] 总长度:1086
[ 2026-04-18 12:33:11:395 ] 解析原子数据帧头：
LEADER:-286331154 VER:1 STC:1776486790 TS:2026-4-18 12:33:14:233 PL:1062 EL:0
解析原子数据帧体:
扫频频谱观测数据:DT:12 DL:1057 
频段序号:1  信道总数:1441 
起始频率:137.0000MHz  结束频率:149.7750MHz  起始频率序号: 0 
步长:25.0000kHz  帧信道数量:512 
电平: -54  -70  -61  -91  -64  -67  -60  -60  -51  -66  -72  -76  -79  -70  -57  -43  -60  -65  -73  -72  -71  -71  -55  -56  -59  -61  -84  -67  -55  -68  -65  -52  -61  -75  -59  -61  -52  -71  -66  -39  -55  -62  -75  -62  -87  -55  -60  -71  -71  -55  -53  -96  -76  -65  -86  -55  -69  -55  -77  -66  -89  -69  -61  -75  -57  -67  -63  -90  -62  -46  -48  -64  -60  -71  -88  -49  -74  -72  -57  -54  -43  -68  -62  -80  -75  -70  -78  -41  -52  -75  -48  -57  -70  -48  -59  -54  -59  -68  -66  -57 
[ 2026-04-18 12:33:11:455 ] ,总的数据长度1062 ：
[ 2026-04-18 12:33:11:480 ] 总长度:1086
[ 2026-04-18 12:33:11:508 ] 解析原子数据帧头：
LEADER:-286331154 VER:1 STC:1776486790 TS:2026-4-18 12:33:14:342 PL:1062 EL:0
解析原子数据帧体:
扫频频谱观测数据:DT:12 DL:1057 
频段序号:1  信道总数:1441 
起始频率:149.8000MHz  结束频率:162.5750MHz  起始频率序号: 512 
步长:25.0000kHz  帧信道数量:512 
电平: -59  -57  -67  -78  -50  -77  -72  -46  -47  -75  -71  -52  -63  -83  -63  -59  -76  -59  -68  -59  -72  -46  -74  -67  -55  -57  -66  -81  -60  -68  -70  -62  -58  -67  -71  -73  -86  -50  -47  -48  -64  -50  -69  -74  -60  -64  -75  -72  -44  -69  -94  -70  -73  -62  -57  -66  -50  -40  -61  -67  -71  -90  -73  -46  -50  -51  -61  -81  -63  -63  -70  -57  -76  -48  -77  -65  -74  -65  -57  -56  -38  -66  -61  -65  -76  -59  -63  -63  -54  -76  -74  -70  -69  -62  -56  -88  -69  -70  -68  -76 
[ 2026-04-18 12:33:11:595 ] ,总的数据长度872 ：
[ 2026-04-18 12:33:11:621 ] 总长度:896
[ 2026-04-18 12:33:11:644 ] 解析原子数据帧头：
LEADER:-286331154 VER:1 STC:1776486790 TS:2026-4-18 12:33:14:482 PL:872 EL:0
解析原子数据帧体:
扫频频谱观测数据:DT:12 DL:867 
频段序号:1  信道总数:1441 
起始频率:162.6000MHz  结束频率:173.0000MHz  起始频率序号: 1024 
步长:25.0000kHz  帧信道数量:417 
电平: -76  -67  -75  -58  -67  -73  -49  -59  -88  -75  -58  -76  -63  -80  -76  -65  -72  -70  -71  -71  -67  -51  -81  -53  -54  -66  -74  -87  -62  -48  -65  -69  -65  -58  -76  -56  -72  -75  -65  -69  -65  -47  -68  -77  -72  -76  -40  -64  -47  -66  -76  -56  -67  -57  -68  -44  -65  -78  -58  -61  -77  -62  -69  -68  -55  -55  -75  -74  -56  -85  -57  -52  -87  -61  -59  -66  -64  -89  -70  -54  -64  -103  -64  -75  -59  -57  -61  -61  -54  -62  -67  -74  -67  -63  -69  -85  -57  -32  -48  -73 
[ 2026-04-18 12:33:11:703 ] ,总的数据长度1062 ：
[ 2026-04-18 12:33:11:728 ] 总长度:1086
[ 2026-04-18 12:33:11:751 ] 解析原子数据帧头：
LEADER:-286331154 VER:1 STC:1776486790 TS:2026-4-18 12:33:14:591 PL:1062 EL:0
解析原子数据帧体:
扫频频谱观测数据:DT:12 DL:1057 
频段序号:1  信道总数:1441 
起始频率:137.0000MHz  结束频率:149.7750MHz  起始频率序号: 0 
步长:25.0000kHz  帧信道数量:512 
电平: -57  -53  -49  -81  -61  -72  -64  -65  -59  -64  -88  -95  -67  -61  -81  -39  -48  -53  -70  -93  -84  -81  -53  -41  -63  -70  -62  -89  -113  -62  -59  -65  -56  -65  -59  -85  -63  -83  -65  -65  -59  -38  -75  -78  -62  -38  -82  -58  -67  -55  -65  -76  -68  -76  -77  -55  -54  -58  -60  -61  -65  -59  -64  -60  -37  -68  -60  -61  -76  -52  -63  -48  -50  -62  -85  -66  -88  -62  -83  -55  -43  -67  -59  -70  -72  -83  -43  -49  -69  -59  -72  -74  -64  -47  -84  -50  -52  -74  -57  -73 
[ 2026-04-18 12:33:11:842 ] ,总的数据长度1062 ：
[ 2026-04-18 12:33:11:870 ] 总长度:1086
[ 2026-04-18 12:33:11:898 ] 解析原子数据帧头：
LEADER:-286331154 VER:1 STC:1776486790 TS:2026-4-18 12:33:14:732 PL:1062 EL:0
解析原子数据帧体:
扫频频谱观测数据:DT:12 DL:1057 
频段序号:1  信道总数:1441 
起始频率:149.8000MHz  结束频率:162.5750MHz  起始频率序号: 512 
步长:25.0000kHz  帧信道数量:512 
电平: -59  -61  -62  -66  -81  -60  -60  -32  -62  -64  -63  -53  -87  -61  -63  -51  -51  -65  -82  -76  -106  -68  -70  -56  -58  -65  -54  -59  -63  -69  -51  -69  -77  -79  -68  -89  -69  -65  -70  -45  -52  -61  -53  -58  -71  -76  -52  -50  -47  -71  -79  -88  -61  -61  -53  -58  -51  -74  -76  -95  -68  -75  -74  -65  -65  -71  -75  -76  -74  -76  -78  -54  -62  -76  -81  -66  -60  -54  -71  -59  -51  -65  -57  -81  -98  -75  -56  -79  -69  -60  -48  -63  -63  -67  -82  -56  -49  -55  -69  -72 
[ 2026-04-18 12:33:11:965 ] ,总的数据长度872 ：
[ 2026-04-18 12:33:11:993 ] 总长度:896
[ 2026-04-18 12:33:12:020 ] 解析原子数据帧头：
LEADER:-286331154 VER:1 STC:1776486790 TS:2026-4-18 12:33:14:841 PL:872 EL:0
解析原子数据帧体:
扫频频谱观测数据:DT:12 DL:867 
频段序号:1  信道总数:1441 
起始频率:162.6000MHz  结束频率:173.0000MHz  起始频率序号: 1024 
步长:25.0000kHz  帧信道数量:417 
电平: -57  -53  -80  -80  -90  -53  -51  -66  -72  -74  -76  -84  -83  -58  -60  -60  -61  -71  -70  -94  -64  -66  -63  -57  -57  -73  -68  -90  -84  -71  -52  -57  -65  -67  -79  -69  -63  -67  -51  -63  -63  -73  -58  -77  -92  -71  -75  -54  -63  -59  -62  -60  -75  -67  -57  -32  -60  -58  -57  -61  -77  -60  -50  -46  -63  -78  -37  -49  -60  -83  -61  -64  -79  -69  -65  -68  -78  -56  -74  -79  -55  -55  -52  -63  -68  -64  -61  -62  -80  -70  -58  -83  -76  -80  -72  -57  -62  -79  -47  -77 
[ 2026-04-18 12:33:12:196 ] ,总的数据长度1062 ：
[ 2026-04-18 12:33:12:224 ] 总长度:1086
[ 2026-04-18 12:33:12:255 ] 解析原子数据帧头：
LEADER:-286331154 VER:1 STC:1776486790 TS:2026-4-18 12:33:15:75 PL:1062 EL:0
解析原子数据帧体:
扫频频谱观测数据:DT:12 DL:1057 
频段序号:1  信道总数:1441 
起始频率:137.0000MHz  结束频率:149.7750MHz  起始频率序号: 0 
步长:25.0000kHz  帧信道数量:512 
电平: -58  -83  -81  -68  -86  -64  -69  -54  -64  -63  -76  -56  -66  -64  -74  -63  -65  -76  -56  -53  -66  -51  -48  -64  -38  -47  -56  -60  -77  -57  -61  -49  -54  -60  -44  -67  -73  -54  -64  -53  -60  -50  -67  -54  -70  -71  -57  -65  -56  -50  -73  -68  -67  -65  -58  -63  -57  -46  -65  -87  -80  -53  -59  -46  -63  -58  -57  -80  -72  -93  -31  -55  -42  -64  -79  -61  -91  -74  -71  -62  -65  -55  -70  -74  -73  -48  -62  -43  -76  -69  -57  -70  -65  -60  -60  -69  -67  -93  -44  -67 
[ 2026-04-18 12:33:12:319 ] ,总的数据长度1062 ：
[ 2026-04-18 12:33:12:353 ] 总长度:1086
[ 2026-04-18 12:33:12:393 ] 解析原子数据帧头：
LEADER:-286331154 VER:1 STC:1776486790 TS:2026-4-18 12:33:15:184 PL:1062 EL:0
解析原子数据帧体:
扫频频谱观测数据:DT:12 DL:1057 
频段序号:1  信道总数:1441 
起始频率:149.8000MHz  结束频率:162.5750MHz  起始频率序号: 512 
步长:25.0000kHz  帧信道数量:512 
电平: -67  -61  -68  -76  -77  -60  -57  -56  -65  -58  -61  -78  -74  -69  -71  -53  -69  -69  -63  -64  -57  -56  -75  -68  -58  -79  -50  -70  -61  -63  -63  -58  -65  -60  -83  -65  -90  -66  -55  -45  -61  -70  -48  -59  -60  -72  -66  -42  -49  -76  -71  -75  -78  -81  -57  -51  -91  -59  -59  -63  -69  -80  -51  -65  -46  -60  -69  -90  -64  -46  -72  -66  -66  -76  -63  -76  -101  -72  -71  -65  -63  -81  -47  -82  -87  -67  -60  -65  -86  -57  -70  -92  -69  -56  -57  -44  -88  -79  -69  -92 
[ 2026-04-18 12:33:12:458 ] ,总的数据长度872 ：
[ 2026-04-18 12:33:12:495 ] 总长度:896
[ 2026-04-18 12:33:12:529 ] 解析原子数据帧头：
LEADER:-286331154 VER:1 STC:1776486790 TS:2026-4-18 12:33:15:293 PL:872 EL:0
解析原子数据帧体:
扫频频谱观测数据:DT:12 DL:867 
频段序号:1  信道总数:1441 
起始频率:162.6000MHz  结束频率:173.0000MHz  起始频率序号: 1024 
步长:25.0000kHz  帧信道数量:417 
电平: -43  -50  -59  -76  -55  -52  -61  -47  -42  -51  -60  -100  -73  -68  -69  -56  -72  -66  -55  -74  -66  -89  -56  -54  -77  -51  -60  -67  -85  -61  -69  -62  -75  -64  -56  -63  -56  -73  -90  -48  -67  -81  -59  -81  -76  -65  -83  -76  -47  -66  -96  -74  -104  -79  -68  -62  -55  -53  -79  -69  -77  -90  -57  -50  -66  -73  -62  -96  -59  -87  -53  -66  -57  -60  -64  -55  -68  -61  -77  -42  -61  -65  -70  -55  -68  -81  -61  -66  -62  -65  -76  -82  -81  -74  -83  -59  -47  -74  -82  -79 
[ 2026-04-18 12:33:12:598 ] ,总的数据长度1062 ：
[ 2026-04-18 12:33:12:632 ] 总长度:1086
[ 2026-04-18 12:33:12:664 ] 解析原子数据帧头：
LEADER:-286331154 VER:1 STC:1776486790 TS:2026-4-18 12:33:15:434 PL:1062 EL:0
解析原子数据帧体:
扫频频谱观测数据:DT:12 DL:1057 
频段序号:1  信道总数:1441 
起始频率:137.0000MHz  结束频率:149.7750MHz  起始频率序号: 0 
步长:25.0000kHz  帧信道数量:512 
电平: -58  -47  -73  -66  -75  -76  -80  -63  -59  -77  -57  -82  -78  -79  -58  -66  -80  -56  -71  -85  -84  -90  -66  -61  -46  -65  -58  -83  -82  -57  -65  -43  -61  -62  -58  -55  -69  -54  -57  -40  -55  -66  -61  -64  -77  -76  -49  -89  -54  -65  -65  -75  -57  -78  -47  -43  -45  -57  -72  -71  -64  -67  -53  -52  -66  -73  -52  -55  -89  -83  -58  -52  -57  -64  -63  -94  -59  -60  -54  -46  -65  -93  -71  -48  -73  -55  -50  -84  -60  -53  -53  -50  -71  -81  -67  -57  -65  -37  -61  -74 
[ 2026-04-18 12:33:12:739 ] ,总的数据长度1062 ：
[ 2026-04-18 12:33:12:772 ] 总长度:1086
[ 2026-04-18 12:33:12:809 ] 解析原子数据帧头：
LEADER:-286331154 VER:1 STC:1776486790 TS:2026-4-18 12:33:15:543 PL:1062 EL:0
解析原子数据帧体:
扫频频谱观测数据:DT:12 DL:1057 
频段序号:1  信道总数:1441 
起始频率:149.8000MHz  结束频率:162.5750MHz  起始频率序号: 512 
步长:25.0000kHz  帧信道数量:512 
电平: -74  -78  -57  -71  -78  -69  -63  -66  -56  -59  -61  -82  -75  -54  -71  -55  -72  -55  -51  -78  -84  -86  -65  -63  -59  -64  -60  -67  -72  -43  -42  -61  -67  -71  -56  -71  -75  -85  -59  -50  -58  -62  -67  -73  -64  -61  -97  -65  -85  -91  -75  -66  -77  -64  -62  -65  -62  -49  -72  -83  -47  -72  -62  -67  -62  -78  -69  -55  -84  -62  -46  -62  -86  -70  -70  -67  -74  -65  -61  -67  -68  -59  -73  -81  -74  -70  -75  -54  -55  -73  -67  -75  -80  -50  -62  -73  -45  -71  -47  -71 
[ 2026-04-18 12:33:12:880 ] ,总的数据长度872 ：
[ 2026-04-18 12:33:12:921 ] 总长度:896
[ 2026-04-18 12:33:12:957 ] 解析原子数据帧头：
LEADER:-286331154 VER:1 STC:1776486790 TS:2026-4-18 12:33:15:683 PL:872 EL:0
解析原子数据帧体:
扫频频谱观测数据:DT:12 DL:867 
频段序号:1  信道总数:1441 
起始频率:162.6000MHz  结束频率:173.0000MHz  起始频率序号: 1024 
步长:25.0000kHz  帧信道数量:417 
电平: -64  -71  -69  -93  -55  -71  -57  -45  -54  -71  -69  -61  -80  -56  -56  -52  -55  -79  -63  -61  -58  -62  -68  -77  -68  -68  -69  -58  -78  -71  -72  -59  -59  -84  -99  -61  -79  -69  -46  -60  -57  -68  -53  -55  -76  -59  -56  -46  -60  -62  -76  -71  -82  -65  -60  -63  -57  -59  -59  -93  -49  -65  -64  -64  -62  -49  -73  -62  -79  -60  -63  -54  -50  -72  -77  -74  -57  -60  -57  -61  -54  -79  -82  -102  -66  -83  -71  -58  -63  -52  -83  -76  -77  -66  -50  -35  -47  -43  -82  -81 
[ 2026-04-18 12:33:13:035 ] ,总的数据长度1062 ：
[ 2026-04-18 12:33:13:074 ] 总长度:1086
[ 2026-04-18 12:33:13:110 ] 关闭连接！
[ 2026-04-18 12:33:13:306 ] 停止服务成功