[ 2026-04-18 21:19:19:668 ] 启动任务中，请稍后...
服务地址：HTTP://127.0.0.1:8282
[ 2026-04-18 21:19:19:675 ] 服务响应成功：
[ 2026-04-18 21:19:19:678 ] source建立数据通道成功，开始接收数据！
[ 2026-04-18 21:19:20:183 ] ,总的数据长度2920 ：
[ 2026-04-18 21:19:20:193 ] 总长度:2944
[ 2026-04-18 21:19:20:198 ] 解析原子数据帧头：
LEADER:-286331154 VER:1 STC:1776518359 TS:2026-4-18 21:19:23:275 PL:2920 EL:0
解析原子数据帧体:
扫频频谱观测数据:DT:12 DL:2915 
频段序号:1  信道总数:1441 
起始频率:137.0000MHz  结束频率:173.0000MHz  起始频率序号: 0 
步长:25.0000kHz  帧信道数量:1441 
电平: 12  49  22  30  26  19  28  20  31  35  33  29  30  31  27  36  34  23  19  38  23  39  40  18  20  32  31  30  24  37  32  30  22  25  34  28  30  31  31  37  31  32  52  33  39  25  22  32  19  26  34  31  23  30  29  36  33  30  37  34  37  26  26  24  32  35  31  45  26  48  41  34  24  31  23  36  24  47  43  41  36  32  33  23  40  48  46  38  23  29  42  47  45  25  41  36  20  37  26  37 
[ 2026-04-18 21:19:20:543 ] ,总的数据长度2920 ：
[ 2026-04-18 21:19:20:552 ] 总长度:2944
[ 2026-04-18 21:19:20:562 ] 解析原子数据帧头：
LEADER:-286331154 VER:1 STC:1776518359 TS:2026-4-18 21:19:23:634 PL:2920 EL:0
解析原子数据帧体:
扫频频谱观测数据:DT:12 DL:2915 
频段序号:1  信道总数:1441 
起始频率:137.0000MHz  结束频率:173.0000MHz  起始频率序号: 0 
步长:25.0000kHz  帧信道数量:1441 
电平: 37  34  23  40  32  25  24  31  19  22  26  26  29  24  41  47  31  30  43  31  21  28  36  27  31  41  38  28  34  43  27  38  23  37  45  42  33  31  23  40  46  46  30  26  24  32  25  32  37  20  22  17  41  35  22  29  25  29  24  37  26  46  28  32  37  36  30  35  27  37  29  32  35  33  37  29  35  31  34  26  38  46  39  24  27  36  34  32  41  27  49  35  35  25  29  35  27  22  22  37 
[ 2026-04-18 21:19:20:901 ] ,总的数据长度2920 ：
[ 2026-04-18 21:19:20:913 ] 总长度:2944
[ 2026-04-18 21:19:20:927 ] 解析原子数据帧头：
LEADER:-286331154 VER:1 STC:1776518359 TS:2026-4-18 21:19:23:993 PL:2920 EL:0
解析原子数据帧体:
扫频频谱观测数据:DT:12 DL:2915 
频段序号:1  信道总数:1441 
起始频率:137.0000MHz  结束频率:173.0000MHz  起始频率序号: 0 
步长:25.0000kHz  帧信道数量:1441 
电平: 22  14  22  19  25  27  24  23  27  26  25  35  17  35  27  20  28  26  22  45  22  34  40  38  24  37  37  34  18  30  43  28  27  25  50  42  35  30  30  21  37  42  31  32  38  25  34  39  29  39  37  28  39  48  27  31  29  27  24  30  36  33  25  23  37  33  29  31  28  31  53  30  41  28  32  38  48  27  35  33  32  34  33  39  25  31  27  33  38  32  28  41  30  36  37  39  34  34  37  38 
[ 2026-04-18 21:19:21:148 ] ,总的数据长度2920 ：
[ 2026-04-18 21:19:21:171 ] 总长度:2944
[ 2026-04-18 21:19:21:187 ] 解析原子数据帧头：
LEADER:-286331154 VER:1 STC:1776518359 TS:2026-4-18 21:19:24:242 PL:2920 EL:0
解析原子数据帧体:
扫频频谱观测数据:DT:12 DL:2915 
频段序号:1  信道总数:1441 
起始频率:137.0000MHz  结束频率:173.0000MHz  起始频率序号: 0 
步长:25.0000kHz  帧信道数量:1441 
电平: 26  23  37  20  20  32  31  28  25  19  30  24  24  21  22  27  23  24  23  35  27  26  21  27  31  27  32  39  22  24  30  31  27  30  39  35  43  35  37  32  33  37  29  37  40  34  27  26  29  34  25  27  34  35  31  20  36  35  51  23  33  29  30  41  32  19  26  31  37  38  42  31  20  32  32  36  24  39  34  33  35  28  46  42  50  25  32  32  28  29  35  39  33  41  46  36  51  29  36  34 
[ 2026-04-18 21:19:21:536 ] ,总的数据长度2920 ：
[ 2026-04-18 21:19:21:554 ] 总长度:2944
[ 2026-04-18 21:19:21:574 ] 解析原子数据帧头：
LEADER:-286331154 VER:1 STC:1776518359 TS:2026-4-18 21:19:24:632 PL:2920 EL:0
解析原子数据帧体:
扫频频谱观测数据:DT:12 DL:2915 
频段序号:1  信道总数:1441 
起始频率:137.0000MHz  结束频率:173.0000MHz  起始频率序号: 0 
步长:25.0000kHz  帧信道数量:1441 
电平: 39  37  39  30  27  23  22  30  24  35  19  26  20  30  33  34  29  25  27  48  31  35  35  31  18  32  34  27  30  45  49  30  22  34  28  21  37  36  24  24  35  38  23  56  33  25  28  29  30  26  36  30  29  29  39  31  28  26  27  39  26  30  45  38  32  38  40  43  32  54  37  28  34  32  31  40  29  36  29  22  45  24  31  27  30  20  30  32  37  25  26  52  38  35  40  43  32  34  25  44 
[ 2026-04-18 21:19:21:783 ] ,总的数据长度2920 ：
[ 2026-04-18 21:19:21:802 ] 总长度:2944
[ 2026-04-18 21:19:21:825 ] 解析原子数据帧头：
LEADER:-286331154 VER:1 STC:1776518359 TS:2026-4-18 21:19:24:882 PL:2920 EL:0
解析原子数据帧体:
扫频频谱观测数据:DT:12 DL:2915 
频段序号:1  信道总数:1441 
起始频率:137.0000MHz  结束频率:173.0000MHz  起始频率序号: 0 
步长:25.0000kHz  帧信道数量:1441 
电平: 11  22  22  25  33  32  26  20  22  31  17  20  23  46  19  28  19  19  35  26  29  32  38  21  25  30  31  35  48  32  41  40  21  25  30  24  31  31  27  38  22  27  41  27  33  27  24  20  27  26  27  31  29  53  48  29  28  26  48  46  35  35  35  41  41  49  41  31  32  38  25  42  25  29  26  31  20  28  43  38  39  36  30  29  41  36  35  32  42  40  37  38  31  26  27  39  33  31  51  21 
[ 2026-04-18 21:19:22:125 ] ,总的数据长度2920 ：
[ 2026-04-18 21:19:22:150 ] 总长度:2944
[ 2026-04-18 21:19:22:169 ] 解析原子数据帧头：
LEADER:-286331154 VER:1 STC:1776518359 TS:2026-4-18 21:19:25:225 PL:2920 EL:0
解析原子数据帧体:
扫频频谱观测数据:DT:12 DL:2915 
频段序号:1  信道总数:1441 
起始频率:137.0000MHz  结束频率:173.0000MHz  起始频率序号: 0 
步长:25.0000kHz  帧信道数量:1441 
电平: 18  36  29  33  35  20  29  26  24  44  38  24  30  30  29  35  41  23  22  28  38  24  35  27  36  36  22  31  24  25  31  29  42  46  37  28  36  35  29  39  33  37  38  20  24  24  29  33  41  22  28  33  21  32  32  35  29  39  26  20  32  42  33  33  49  30  41  42  31  31  36  33  33  30  35  30  29  25  26  33  31  39  25  28  39  27  33  38  35  29  39  42  35  38  29  36  36  33  43  26 
[ 2026-04-18 21:19:22:483 ] ,总的数据长度2920 ：
[ 2026-04-18 21:19:22:505 ] 总长度:2944
[ 2026-04-18 21:19:22:528 ] 解析原子数据帧头：
LEADER:-286331154 VER:1 STC:1776518359 TS:2026-4-18 21:19:25:584 PL:2920 EL:0
解析原子数据帧体:
扫频频谱观测数据:DT:12 DL:2915 
频段序号:1  信道总数:1441 
起始频率:137.0000MHz  结束频率:173.0000MHz  起始频率序号: 0 
步长:25.0000kHz  帧信道数量:1441 
电平: 22  26  19  24  36  37  21  27  35  26  30  21  34  21  39  38  47  31  41  18  32  33  31  20  36  29  35  40  38  30  29  28  33  25  36  49  32  48  36  33  26  36  21  25  32  21  40  35  27  37  29  21  36  37  24  31  22  43  31  35  40  37  44  30  20  34  35  28  39  40  28  35  27  29  36  39  30  29  31  25  45  35  30  32  36  26  26  32  35  38  34  39  34  41  33  38  32  27  24  42 
[ 2026-04-18 21:19:22:733 ] ,总的数据长度2920 ：
[ 2026-04-18 21:19:22:755 ] 总长度:2944
[ 2026-04-18 21:19:22:776 ] 解析原子数据帧头：
LEADER:-286331154 VER:1 STC:1776518359 TS:2026-4-18 21:19:25:833 PL:2920 EL:0
解析原子数据帧体:
扫频频谱观测数据:DT:12 DL:2915 
频段序号:1  信道总数:1441 
起始频率:137.0000MHz  结束频率:173.0000MHz  起始频率序号: 0 
步长:25.0000kHz  帧信道数量:1441 
电平: 26  36  23  39  37  17  36  32  16  31  17  22  26  31  19  25  27  37  35  23  34  25  32  29  21  29  33  31  35  30  16  25  39  29  25  47  33  19  31  37  28  40  37  44  27  38  41  40  42  34  30  39  33  27  38  39  34  35  42  35  31  27  31  36  27  33  34  33  34  33  48  36  30  32  54  45  35  45  44  23  27  36  39  29  26  42  39  35  39  30  33  30  29  24  35  29  31  45  39  34 
[ 2026-04-18 21:19:23:088 ] ,总的数据长度2920 ：
[ 2026-04-18 21:19:23:110 ] 总长度:2944
[ 2026-04-18 21:19:23:134 ] 解析原子数据帧头：
LEADER:-286331154 VER:1 STC:1776518359 TS:2026-4-18 21:19:26:192 PL:2920 EL:0
解析原子数据帧体:
扫频频谱观测数据:DT:12 DL:2915 
频段序号:1  信道总数:1441 
起始频率:137.0000MHz  结束频率:173.0000MHz  起始频率序号: 0 
步长:25.0000kHz  帧信道数量:1441 
电平: 28  22  17  24  28  35  43  31  21  32  30  30  25  47  23  19  25  26  27  26  39  33  31  27  36  25  27  29  20  25  31  27  35  38  28  32  31  34  40  47  46  31  23  39  27  26  29  31  31  24  31  37  42  33  36  29  30  29  36  44  30  24  40  37  35  32  28  38  36  38  37  31  37  29  41  21  31  25  30  37  25  29  44  39  21  44  36  31  35  29  27  38  30  28  54  38  38  31  34  45 
[ 2026-04-18 21:19:23:491 ] ,总的数据长度2920 ：
[ 2026-04-18 21:19:23:515 ] 总长度:2944
[ 2026-04-18 21:19:23:539 ] 解析原子数据帧头：
LEADER:-286331154 VER:1 STC:1776518359 TS:2026-4-18 21:19:26:582 PL:2920 EL:0
解析原子数据帧体:
扫频频谱观测数据:DT:12 DL:2915 
频段序号:1  信道总数:1441 
起始频率:137.0000MHz  结束频率:173.0000MHz  起始频率序号: 0 
步长:25.0000kHz  帧信道数量:1441 
电平: 32  26  17  30  26  18  14  27  25  34  31  41  19  27  43  30  29  26  25  35  29  30  25  31  39  34  32  34  22  32  32  36  20  29  29  27  30  26  34  36  30  27  49  33  47  41  36  29  26  32  22  23  25  41  33  29  33  35  51  34  50  37  32  33  29  22  38  34  35  32  31  42  35  25  34  22  33  31  47  28  43  39  51  29  35  24  20  31  35  33  33  31  38  43  39  23  46  37  28  37 
[ 2026-04-18 21:19:23:741 ] ,总的数据长度2920 ：
[ 2026-04-18 21:19:23:767 ] 总长度:2944
[ 2026-04-18 21:19:23:794 ] 解析原子数据帧头：
LEADER:-286331154 VER:1 STC:1776518359 TS:2026-4-18 21:19:26:832 PL:2920 EL:0
解析原子数据帧体:
扫频频谱观测数据:DT:12 DL:2915 
频段序号:1  信道总数:1441 
起始频率:137.0000MHz  结束频率:173.0000MHz  起始频率序号: 0 
步长:25.0000kHz  帧信道数量:1441 
电平: 23  19  28  49  39  30  29  20  21  19  20  25  27  26  43  52  37  44  27  31  40  34  27  27  24  33  31  37  30  36  43  33  40  28  24  34  31  29  40  35  34  46  32  47  36  36  37  29  29  29  34  29  34  29  31  26  28  24  38  35  46  37  37  32  34  33  28  47  34  43  46  47  31  41  36  23  33  38  39  37  21  32  30  30  32  29  31  25  27  49  24  38  33  41  30  34  23  33  45  40 
[ 2026-04-18 21:19:24:083 ] ,总的数据长度2920 ：
[ 2026-04-18 21:19:24:113 ] 总长度:2944
[ 2026-04-18 21:19:24:138 ] 解析原子数据帧头：
LEADER:-286331154 VER:1 STC:1776518359 TS:2026-4-18 21:19:27:175 PL:2920 EL:0
解析原子数据帧体:
扫频频谱观测数据:DT:12 DL:2915 
频段序号:1  信道总数:1441 
起始频率:137.0000MHz  结束频率:173.0000MHz  起始频率序号: 0 
步长:25.0000kHz  帧信道数量:1441 
电平: 19  35  23  20  20  27  38  28  48  40  22  36  29  23  25  23  25  27  35  29  19  35  29  31  27  25  20  45  29  28  24  41  31  28  20  37  30  25  23  37  28  36  22  22  22  24  27  28  17  28  37  41  39  31  39  53  39  46  24  39  31  33  27  32  28  32  45  35  38  35  35  30  39  27  25  34  35  26  31  37  43  28  36  29  34  34  37  31  43  38  40  35  36  29  37  33  27  28  35  28 
[ 2026-04-18 21:19:24:378 ] 关闭连接！
[ 2026-04-18 21:19:24:544 ] 停止服务成功