[ 2026-04-18 21:19:40:428 ] 启动任务中，请稍后...
服务地址：HTTP://127.0.0.1:8282
[ 2026-04-18 21:19:40:435 ] 服务响应成功：
[ 2026-04-18 21:19:40:441 ] source建立数据通道成功，开始接收数据！
[ 2026-04-18 21:19:40:897 ] ,总的数据长度3232 ：
[ 2026-04-18 21:19:40:907 ] 总长度:3256
[ 2026-04-18 21:19:40:912 ] 解析原子数据帧头：
LEADER:-286331154 VER:1 STC:1776518380 TS:2026-4-18 21:19:43:992 PL:3232 EL:0
解析原子数据帧体:
频谱: DT:7 DL:3227 
通道序号:0  频率总数量:  起始频率:80.0000MHz  步进:25.0000kHz  频率序号:0 
帧频率数量:1601 
频谱数据: -20  -10  -16  -10  -11  -13  -15  -5  -5  -3  0  0  -4  -1  0  -8  -4  -1  -7  -10  -11  -14  -7  -3  -7  -20  -8  0  -2  -10  -13  -3  -3  -7  -16  -19  -10  -4  -6  -4  -8  -17  -20  -9  -5  -12  -17  -7  -9  -4  0  -6  -7  -5  -15  -17  -7  -7  0  -2  -12  -13  -6  -5  -4  -1  -1  -6  -11  -7  -5  -14  -6  -4  -4  -2  -4  0  -1  -4  -14  -4  -10  -2  -10  -7  -17  -6  -4  -2  -4  -3  -4  -1  -2  -1  -2  -9  -12  -18  -10  -7  -19  -12  -4  -5  -11  -8  -1  -1  -6  -5  -3  0  -1  -7  -14  -11  -3  -7  -19  -18  -8  -2  -2  -2  -3  -3  -5  -8  -6  -4  -6  -14  -8  -10  -12  -3  -2  -8  -6  -8  -20  -12  -9  -13  -4  -2  -3  -2  -2  -6  -10  -7  -5  -28  -24  -9  -4  -5  -10  -6  -7  -11  -6  -8  -11  -8  -9  -25  -7  -4  -4  -9  -4  -6  -4  -16  -3  -2  -12  -7  -4  -8  -2  -3  -6  -2  -4  -3  -3  -9  -12  -3  -1  -10  -5  -2  -4  -12 
[ 2026-04-18 21:19:40:960 ] ,总的数据长度16 ：
[ 2026-04-18 21:19:40:972 ] 总长度:40
[ 2026-04-18 21:19:40:984 ] 解析原子数据帧头：
LEADER:-286331154 VER:16 STC:1776518380 TS:2026-4-18 21:19:43:992 PL:16 EL:0
解析原子数据帧体:
电平数据: DT:101 DL:11 
 中心频率:100.0000MHz  信号电平:48 
[ 2026-04-18 21:19:41:023 ] ,总的数据长度12 ：
[ 2026-04-18 21:19:41:034 ] 总长度:36
[ 2026-04-18 21:19:41:044 ] ,ITU数据11 nPos = 29
[ 2026-04-18 21:19:41:055 ] 解析原子数据帧头：
LEADER:-286331154 VER:16 STC:1776518380 TS:2026-4-18 21:19:43:992 PL:12 EL:0
解析原子数据帧体:
ITU数据:,DT:8 DL:7 ：
数据项个数:1  [信号电平1: 4.8200] 
[ 2026-04-18 21:19:41:099 ] ,总的数据长度3232 ：
[ 2026-04-18 21:19:41:113 ] 总长度:3256
[ 2026-04-18 21:19:41:128 ] 解析原子数据帧头：
LEADER:-286331154 VER:1 STC:1776518380 TS:2026-4-18 21:19:43:992 PL:3232 EL:0
解析原子数据帧体:
频谱: DT:7 DL:3227 
通道序号:0  频率总数量:  起始频率:80.0000MHz  步进:25.0000kHz  频率序号:0 
帧频率数量:1601 
频谱数据: -6  -16  -8  -3  -4  -18  -10  -3  -3  -5  -1  -5  -10  -6  -5  -5  -5  -6  -1  -1  -8  -7  -12  -2  -2  -18  -7  -6  -9  -6  -2  -7  -3  0  -7  -9  -12  -13  -9  -6  -3  -6  -8  -14  -8  -5  -9  -7  -2  -2  -9  -8  -5  -6  -7  -16  -10  -5  -9  -10  -5  1  0  -6  -14  -6  -6  -12  -15  -7  -7  -22  -16  -17  -20  -14  -4  0  -4  -13  -10  -6  -9  -11  -3  -2  -1  -4  -4  -2  -8  -7  -7  -13  -6  -4  -16  -6  -6  -10  -24  -12  -4  -2  -1  -3  -5  -11  -1  -2  -7  -6  -7  -2  -6  -19  -2  0  -4  -6  -8  -15  -10  -15  -7  -9  -11  -7  -5  -7  -6  -5  -1  -2  -6  -4  -2  -5  -6  -6  -2  -6  -13  -14  -3  -3  -8  -8  -1  0  -4  -5  -11  -5  -9  -10  -16  -7  -2  -6  -7  -1  -10  -11  -15  -8  -5  -5  -7  -8  -7  -11  -20  -13  -3  0  -2  -9  -16  -6  -3  -3  -9  -7  -2  -3  -11  -16  -9  -6  -8  -19  -4  -3  -10  -8  -3  -1  -6  -11 
[ 2026-04-18 21:19:41:176 ] ,总的数据长度16 ：
[ 2026-04-18 21:19:41:191 ] 总长度:40
[ 2026-04-18 21:19:41:206 ] 解析原子数据帧头：
LEADER:-286331154 VER:16 STC:1776518380 TS:2026-4-18 21:19:43:992 PL:16 EL:0
解析原子数据帧体:
电平数据: DT:101 DL:11 
 中心频率:100.0000MHz  信号电平:46 
[ 2026-04-18 21:19:41:268 ] ,总的数据长度12 ：
[ 2026-04-18 21:19:41:286 ] 总长度:36
[ 2026-04-18 21:19:41:302 ] ,ITU数据11 nPos = 29
[ 2026-04-18 21:19:41:318 ] 解析原子数据帧头：
LEADER:-286331154 VER:16 STC:1776518380 TS:2026-4-18 21:19:43:992 PL:12 EL:0
解析原子数据帧体:
ITU数据:,DT:8 DL:7 ：
数据项个数:1  [信号电平1: 4.6700] 
[ 2026-04-18 21:19:41:376 ] ,总的数据长度3232 ：
[ 2026-04-18 21:19:41:395 ] 总长度:3256
[ 2026-04-18 21:19:41:416 ] 解析原子数据帧头：
LEADER:-286331154 VER:1 STC:1776518380 TS:2026-4-18 21:19:44:132 PL:3232 EL:0
解析原子数据帧体:
频谱: DT:7 DL:3227 
通道序号:0  频率总数量:  起始频率:80.0000MHz  步进:25.0000kHz  频率序号:0 
帧频率数量:1601 
频谱数据: 0  -2  -15  -16  -23  -12  -11  -3  -5  -9  -4  -6  -2  -5  -9  -15  -14  -14  -10  -9  -9  -10  -9  -13  -5  -8  -8  -3  -4  -10  -11  -10  -4  -1  -4  -8  -4  0  -4  -7  -15  -8  -8  -5  -6  -8  -6  -21  -6  -1  -4  -12  -15  -9  -5  0  -9  -15  -5  -3  -4  -3  -8  -9  -7  -4  -6  -10  -6  -1  -6  -18  -6  -3  -9  -10  -9  -5  -5  -6  -4  0  -5  -9  -13  -2  0  -8  -4  -6  -4  -18  -7  -15  -14  -7  -10  -9  -4  -6  -9  -4  -11  -7  -3  -11  -8  -29  -6  -2  -20  -5  -8  -3  0  -1  -8  -29  -16  -3  2  2  -1  -4  -6  -5  -7  -3  -5  -14  -7  -8  -6  -6  -9  -13  -4  -16  -6  -8  -2  -3  -1  0  -12  -8  -17  -17  -10  -8  -8  -5  -30  -34  -2  -3  -15  -12  -6  -5  -13  -18  -12  -7  -7  -7  -20  -19  -14  -8  -4  -6  -7  -5  -2  -7  -13  -11  -14  -11  -5  -4  -5  -12  -2  -1  -5  -9  -7  -6  -15  -28  -9  -7  -7  -5  -11  -7  -7  0 
[ 2026-04-18 21:19:41:471 ] ,总的数据长度16 ：
[ 2026-04-18 21:19:41:490 ] 总长度:40
[ 2026-04-18 21:19:41:510 ] 解析原子数据帧头：
LEADER:-286331154 VER:16 STC:1776518380 TS:2026-4-18 21:19:44:132 PL:16 EL:0
解析原子数据帧体:
电平数据: DT:101 DL:11 
 中心频率:100.0000MHz  信号电平:59 
[ 2026-04-18 21:19:41:564 ] ,总的数据长度12 ：
[ 2026-04-18 21:19:41:582 ] 总长度:36
[ 2026-04-18 21:19:41:601 ] ,ITU数据11 nPos = 29
[ 2026-04-18 21:19:41:623 ] 解析原子数据帧头：
LEADER:-286331154 VER:16 STC:1776518380 TS:2026-4-18 21:19:44:132 PL:12 EL:0
解析原子数据帧体:
ITU数据:,DT:8 DL:7 ：
数据项个数:1  [信号电平1: 5.9200] 
[ 2026-04-18 21:19:41:674 ] ,总的数据长度3232 ：
[ 2026-04-18 21:19:41:695 ] 总长度:3256
[ 2026-04-18 21:19:41:719 ] 解析原子数据帧头：
LEADER:-286331154 VER:1 STC:1776518380 TS:2026-4-18 21:19:44:132 PL:3232 EL:0
解析原子数据帧体:
频谱: DT:7 DL:3227 
通道序号:0  频率总数量:  起始频率:80.0000MHz  步进:25.0000kHz  频率序号:0 
帧频率数量:1601 
频谱数据: -13  -6  -3  -4  -3  -2  -4  -4  -5  -11  -14  -7  -13  -8  -9  -18  -7  -5  -20  -5  -3  -6  -16  -17  -11  -8  -5  -4  -19  -4  -3  -9  -4  -15  -5  -10  -10  -7  -5  -2  1  1  -3  -8  -4  -17  -20  -11  -7  -6  -4  -2  -6  -23  -10  -8  -6  -3  -7  -8  -4  -6  -10  -11  -8  -10  -23  -5  -2  -6  -3  -1  -2  -5  -16  -12  -11  -8  -4  -7  -10  -19  -6  -5  -8  -4  -1  -4  -21  -7  -7  1  1  -9  -10  -8  -5  -15  -12  -12  -10  -6  -14  -8  -6  -14  -6  0  2  -4  -13  -8  -17  -5  -21  -2  -3  -6  -11  -10  -12  -4  -6  -7  -5  -6  -1  -6  -14  -12  -16  -11  -5  -1  -8  -13  -13  -7  -10  -6  -3  -2  -5  -8  -6  -9  -4  0  -2  -6  -5  -6  -13  -5  -4  -12  -10  -6  -13  -4  -1  -5  -4  -2  0  -2  -24  -7  -13  -20  -6  -7  -13  -4  -3  -2  -8  -10  -10  -9  -5  -8  -3  -3  -16  -5  -4  -10  -9  -4  -5  -19  -17  -7  -12  -6  -13  -8  -8  -15 
[ 2026-04-18 21:19:41:783 ] ,总的数据长度16 ：
[ 2026-04-18 21:19:41:806 ] 总长度:40
[ 2026-04-18 21:19:41:827 ] 解析原子数据帧头：
LEADER:-286331154 VER:16 STC:1776518380 TS:2026-4-18 21:19:44:132 PL:16 EL:0
解析原子数据帧体:
电平数据: DT:101 DL:11 
 中心频率:100.0000MHz  信号电平:50 
[ 2026-04-18 21:19:41:891 ] ,总的数据长度12 ：
[ 2026-04-18 21:19:41:915 ] 总长度:36
[ 2026-04-18 21:19:41:939 ] ,ITU数据11 nPos = 29
[ 2026-04-18 21:19:41:963 ] 解析原子数据帧头：
LEADER:-286331154 VER:16 STC:1776518380 TS:2026-4-18 21:19:44:132 PL:12 EL:0
解析原子数据帧体:
ITU数据:,DT:8 DL:7 ：
数据项个数:1  [信号电平1: 5.0000] 
[ 2026-04-18 21:19:42:015 ] ,总的数据长度3232 ：
[ 2026-04-18 21:19:42:041 ] 总长度:3256
[ 2026-04-18 21:19:42:069 ] 解析原子数据帧头：
LEADER:-286331154 VER:1 STC:1776518380 TS:2026-4-18 21:19:44:241 PL:3232 EL:0
解析原子数据帧体:
频谱: DT:7 DL:3227 
通道序号:0  频率总数量:  起始频率:80.0000MHz  步进:25.0000kHz  频率序号:0 
帧频率数量:1601 
频谱数据: -11  -5  -15  -6  -4  -24  -9  -18  -4  -6  -14  -4  -2  -7  -13  -15  -14  -16  -2  -1  -20  -7  -5  -6  -7  -4  -6  -9  -7  -7  -21  -14  -16  -9  -13  -18  -13  -8  -4  -8  -13  -24  -24  -12  -7  -8  -9  -10  -10  -5  0  -3  -10  -2  -1  -7  -5  -6  -5  -13  -9  -5  -14  -2  -2  -6  -4  -5  -12  -7  -3  -3  -5  -7  -7  -14  -20  -11  -6  -8  -7  -12  -11  -7  -6  -9  -13  -11  -10  -10  -11  -12  -3  -4  -4  -4  -9  -15  -11  -6  -7  -11  -11  -9  1  2  -5  -10  -2  -3  -3  -1  -4  -3  -5  -5  -1  -1  -10  -4  -16  -15  -6  -4  -5  -5  -6  -3  -2  -4  -9  -14  -26  -19  -10  -4  -6  -11  -4  -2  0  -3  -12  -9  -17  -11  -4  -1  -3  -18  -38  -14  -16  -5  -6  -16  -3  1  -1  -9  -15  -10  -17  -12  -4  -6  -7  -6  -4  2  -3  0  -7  -13  -3  -1  -6  -10  -6  -7  -6  -6  -7  -16  -16  -16  -26  -7  -2  -1  -5  -5  -9  -5  -7  -7  -4  -5  -6  -7 
[ 2026-04-18 21:19:42:123 ] ,总的数据长度16 ：
[ 2026-04-18 21:19:42:150 ] 总长度:40
[ 2026-04-18 21:19:42:178 ] 解析原子数据帧头：
LEADER:-286331154 VER:16 STC:1776518380 TS:2026-4-18 21:19:44:241 PL:16 EL:0
解析原子数据帧体:
电平数据: DT:101 DL:11 
 中心频率:100.0000MHz  信号电平:63 
[ 2026-04-18 21:19:42:233 ] ,总的数据长度12 ：
[ 2026-04-18 21:19:42:258 ] 总长度:36
[ 2026-04-18 21:19:42:285 ] ,ITU数据11 nPos = 29
[ 2026-04-18 21:19:42:309 ] 解析原子数据帧头：
LEADER:-286331154 VER:16 STC:1776518380 TS:2026-4-18 21:19:44:241 PL:12 EL:0
解析原子数据帧体:
ITU数据:,DT:8 DL:7 ：
数据项个数:1  [信号电平1: 6.3400] 
[ 2026-04-18 21:19:42:372 ] ,总的数据长度3232 ：
[ 2026-04-18 21:19:42:406 ] 总长度:3256
[ 2026-04-18 21:19:42:438 ] 解析原子数据帧头：
LEADER:-286331154 VER:1 STC:1776518380 TS:2026-4-18 21:19:44:241 PL:3232 EL:0
解析原子数据帧体:
频谱: DT:7 DL:3227 
通道序号:0  频率总数量:  起始频率:80.0000MHz  步进:25.0000kHz  频率序号:0 
帧频率数量:1601 
频谱数据: -9  -4  -5  -4  -6  -9  -7  -15  -9  -7  -7  -6  -9  -8  -2  -3  -4  -1  -4  -17  -22  -11  -9  -4  -3  -8  -6  -12  -12  -9  -6  -4  -5  -5  -3  -13  -20  -6  -5  -17  -1  1  0  -8  -14  -4  -2  -13  -4  -8  -5  -3  -10  -6  -4  -9  -7  -12  -12  -11  -9  -1  1  -3  -6  -2  -3  -17  -8  -4  -6  -7  -1  -4  -8  -8  -10  -14  -9  -12  -4  -9  -13  -9  -6  -3  -8  0  -1  -8  -7  -4  -3  -8  -5  -3  -5  -15  -14  -13  -13  -10  -10  -4  -2  -13  -11  -5  -6  -9  -11  -9  -12  0  1  -2  -15  -20  -9  -9  -9  -6  -3  -4  -7  -8  -9  -12  -17  -13  -4  -9  -9  -13  -29  -9  -4  -6  -7  -2  0  -5  -9  -5  -4  -2  -7  -14  -3  -5  -11  -7  -5  -11  -6  -2  -2  -12  -6  -2  -2  -13  -5  -1  -1  -3  -5  -6  -6  -4  -9  -8  -10  -9  -14  -2  -1  -3  -9  -10  -6  -9  -12  -2  -1  -11  -13  -19  -6  -4  -6  -7  -7  -9  -10  -3  -2  -17  -5  -3 
[ 2026-04-18 21:19:42:496 ] ,总的数据长度16 ：
[ 2026-04-18 21:19:42:523 ] 总长度:40
[ 2026-04-18 21:19:42:549 ] 解析原子数据帧头：
LEADER:-286331154 VER:16 STC:1776518380 TS:2026-4-18 21:19:44:241 PL:16 EL:0
解析原子数据帧体:
电平数据: DT:101 DL:11 
 中心频率:100.0000MHz  信号电平:44 
[ 2026-04-18 21:19:42:619 ] ,总的数据长度12 ：
[ 2026-04-18 21:19:42:648 ] 总长度:36
[ 2026-04-18 21:19:42:675 ] ,ITU数据11 nPos = 29
[ 2026-04-18 21:19:42:704 ] 解析原子数据帧头：
LEADER:-286331154 VER:16 STC:1776518380 TS:2026-4-18 21:19:44:241 PL:12 EL:0
解析原子数据帧体:
ITU数据:,DT:8 DL:7 ：
数据项个数:1  [信号电平1: 4.4300] 
[ 2026-04-18 21:19:42:773 ] ,总的数据长度3232 ：
[ 2026-04-18 21:19:42:802 ] 总长度:3256
[ 2026-04-18 21:19:42:831 ] 解析原子数据帧头：
LEADER:-286331154 VER:1 STC:1776518380 TS:2026-4-18 21:19:44:382 PL:3232 EL:0
解析原子数据帧体:
频谱: DT:7 DL:3227 
通道序号:0  频率总数量:  起始频率:80.0000MHz  步进:25.0000kHz  频率序号:0 
帧频率数量:1601 
频谱数据: -3  -19  -5  -7  -2  -1  -7  -3  -3  0  0  -2  0  -2  -15  -15  -19  -10  -16  -12  -10  -20  -3  -2  -5  -1  -4  -4  -3  -12  -3  -2  -10  -11  -4  -3  -3  -5  -5  -5  -4  -9  -14  -4  -8  -9  -11  -13  -7  0  -1  -8  -7  -4  -2  -3  -4  -5  -3  -6  -9  -5  -12  -2  -12  -16  -8  -6  -8  -9  -6  -18  -2  -4  -5  0  0  -9  -9  -5  -1  -10  -6  -2  -1  -4  -8  -12  -5  -3  -4  -5  -19  -13  -9  -3  -11  -3  -1  -10  -7  -1  -1  -6  -27  -4  0  -1  -4  -19  -11  -9  -11  -19  -9  -4  -4  -6  -3  -8  -7  -1  0  0  -5  -10  -5  -5  -15  -13  -5  -2  -2  -5  -9  -5  -4  -7  -7  -3  -8  -6  -4  -10  -1  -3  -4  -4  -19  -7  -17  -3  0  -6  -12  -8  -3  -2  -9  -9  -8  -7  -3  -5  -6  -3  -8  -5  -4  -8  -4  -5  -11  -8  -4  -6  -4  -7  -12  -13  -4  -4  -17  -12  -11  -7  -10  -7  -16  -9  -25  -14  -18  -5  -2  -2  -2  -4  -19  -12 
[ 2026-04-18 21:19:42:897 ] ,总的数据长度16 ：
[ 2026-04-18 21:19:42:929 ] 总长度:40
[ 2026-04-18 21:19:42:960 ] 解析原子数据帧头：
LEADER:-286331154 VER:16 STC:1776518380 TS:2026-4-18 21:19:44:382 PL:16 EL:0
解析原子数据帧体:
电平数据: DT:101 DL:11 
 中心频率:100.0000MHz  信号电平:52 
[ 2026-04-18 21:19:43:020 ] ,总的数据长度12 ：
[ 2026-04-18 21:19:43:050 ] 总长度:36
[ 2026-04-18 21:19:43:081 ] ,ITU数据11 nPos = 29
[ 2026-04-18 21:19:43:115 ] 解析原子数据帧头：
LEADER:-286331154 VER:16 STC:1776518380 TS:2026-4-18 21:19:44:382 PL:12 EL:0
解析原子数据帧体:
ITU数据:,DT:8 DL:7 ：
数据项个数:1  [信号电平1: 5.2600] 
[ 2026-04-18 21:19:43:190 ] ,总的数据长度3232 ：
[ 2026-04-18 21:19:43:222 ] 总长度:3256
[ 2026-04-18 21:19:43:253 ] 关闭连接！
[ 2026-04-18 21:19:43:440 ] 停止服务成功[ 2026-04-18 21:19:43:534 ] ,总的数据长度16 ：
[ 2026-04-18 21:19:43:596 ] ,总的数据长度12 ：
[ 2026-04-18 21:19:40:428 ] 启动任务中，请稍后...
服务地址：HTTP://127.0.0.1:8282
[ 2026-04-18 21:19:40:435 ] 服务响应成功：
[ 2026-04-18 21:19:40:441 ] source建立数据通道成功，开始接收数据！
[ 2026-04-18 21:19:40:897 ] ,总的数据长度3232 ：
[ 2026-04-18 21:19:40:907 ] 总长度:3256
[ 2026-04-18 21:19:40:912 ] 解析原子数据帧头：
LEADER:-286331154 VER:1 STC:1776518380 TS:2026-4-18 21:19:43:992 PL:3232 EL:0
解析原子数据帧体:
频谱: DT:7 DL:3227 
通道序号:0  频率总数量:  起始频率:80.0000MHz  步进:25.0000kHz  频率序号:0 
帧频率数量:1601 
频谱数据: -20  -10  -16  -10  -11  -13  -15  -5  -5  -3  0  0  -4  -1  0  -8  -4  -1  -7  -10  -11  -14  -7  -3  -7  -20  -8  0  -2  -10  -13  -3  -3  -7  -16  -19  -10  -4  -6  -4  -8  -17  -20  -9  -5  -12  -17  -7  -9  -4  0  -6  -7  -5  -15  -17  -7  -7  0  -2  -12  -13  -6  -5  -4  -1  -1  -6  -11  -7  -5  -14  -6  -4  -4  -2  -4  0  -1  -4  -14  -4  -10  -2  -10  -7  -17  -6  -4  -2  -4  -3  -4  -1  -2  -1  -2  -9  -12  -18  -10  -7  -19  -12  -4  -5  -11  -8  -1  -1  -6  -5  -3  0  -1  -7  -14  -11  -3  -7  -19  -18  -8  -2  -2  -2  -3  -3  -5  -8  -6  -4  -6  -14  -8  -10  -12  -3  -2  -8  -6  -8  -20  -12  -9  -13  -4  -2  -3  -2  -2  -6  -10  -7  -5  -28  -24  -9  -4  -5  -10  -6  -7  -11  -6  -8  -11  -8  -9  -25  -7  -4  -4  -9  -4  -6  -4  -16  -3  -2  -12  -7  -4  -8  -2  -3  -6  -2  -4  -3  -3  -9  -12  -3  -1  -10  -5  -2  -4  -12 
[ 2026-04-18 21:19:40:960 ] ,总的数据长度16 ：
[ 2026-04-18 21:19:40:972 ] 总长度:40
[ 2026-04-18 21:19:40:984 ] 解析原子数据帧头：
LEADER:-286331154 VER:16 STC:1776518380 TS:2026-4-18 21:19:43:992 PL:16 EL:0
解析原子数据帧体:
电平数据: DT:101 DL:11 
 中心频率:100.0000MHz  信号电平:48 
[ 2026-04-18 21:19:41:023 ] ,总的数据长度12 ：
[ 2026-04-18 21:19:41:034 ] 总长度:36
[ 2026-04-18 21:19:41:044 ] ,ITU数据11 nPos = 29
[ 2026-04-18 21:19:41:055 ] 解析原子数据帧头：
LEADER:-286331154 VER:16 STC:1776518380 TS:2026-4-18 21:19:43:992 PL:12 EL:0
解析原子数据帧体:
ITU数据:,DT:8 DL:7 ：
数据项个数:1  [信号电平1: 4.8200] 
[ 2026-04-18 21:19:41:099 ] ,总的数据长度3232 ：
[ 2026-04-18 21:19:41:113 ] 总长度:3256
[ 2026-04-18 21:19:41:128 ] 解析原子数据帧头：
LEADER:-286331154 VER:1 STC:1776518380 TS:2026-4-18 21:19:43:992 PL:3232 EL:0
解析原子数据帧体:
频谱: DT:7 DL:3227 
通道序号:0  频率总数量:  起始频率:80.0000MHz  步进:25.0000kHz  频率序号:0 
帧频率数量:1601 
频谱数据: -6  -16  -8  -3  -4  -18  -10  -3  -3  -5  -1  -5  -10  -6  -5  -5  -5  -6  -1  -1  -8  -7  -12  -2  -2  -18  -7  -6  -9  -6  -2  -7  -3  0  -7  -9  -12  -13  -9  -6  -3  -6  -8  -14  -8  -5  -9  -7  -2  -2  -9  -8  -5  -6  -7  -16  -10  -5  -9  -10  -5  1  0  -6  -14  -6  -6  -12  -15  -7  -7  -22  -16  -17  -20  -14  -4  0  -4  -13  -10  -6  -9  -11  -3  -2  -1  -4  -4  -2  -8  -7  -7  -13  -6  -4  -16  -6  -6  -10  -24  -12  -4  -2  -1  -3  -5  -11  -1  -2  -7  -6  -7  -2  -6  -19  -2  0  -4  -6  -8  -15  -10  -15  -7  -9  -11  -7  -5  -7  -6  -5  -1  -2  -6  -4  -2  -5  -6  -6  -2  -6  -13  -14  -3  -3  -8  -8  -1  0  -4  -5  -11  -5  -9  -10  -16  -7  -2  -6  -7  -1  -10  -11  -15  -8  -5  -5  -7  -8  -7  -11  -20  -13  -3  0  -2  -9  -16  -6  -3  -3  -9  -7  -2  -3  -11  -16  -9  -6  -8  -19  -4  -3  -10  -8  -3  -1  -6  -11 
[ 2026-04-18 21:19:41:176 ] ,总的数据长度16 ：
[ 2026-04-18 21:19:41:191 ] 总长度:40
[ 2026-04-18 21:19:41:206 ] 解析原子数据帧头：
LEADER:-286331154 VER:16 STC:1776518380 TS:2026-4-18 21:19:43:992 PL:16 EL:0
解析原子数据帧体:
电平数据: DT:101 DL:11 
 中心频率:100.0000MHz  信号电平:46 
[ 2026-04-18 21:19:41:268 ] ,总的数据长度12 ：
[ 2026-04-18 21:19:41:286 ] 总长度:36
[ 2026-04-18 21:19:41:302 ] ,ITU数据11 nPos = 29
[ 2026-04-18 21:19:41:318 ] 解析原子数据帧头：
LEADER:-286331154 VER:16 STC:1776518380 TS:2026-4-18 21:19:43:992 PL:12 EL:0
解析原子数据帧体:
ITU数据:,DT:8 DL:7 ：
数据项个数:1  [信号电平1: 4.6700] 
[ 2026-04-18 21:19:41:376 ] ,总的数据长度3232 ：
[ 2026-04-18 21:19:41:395 ] 总长度:3256
[ 2026-04-18 21:19:41:416 ] 解析原子数据帧头：
LEADER:-286331154 VER:1 STC:1776518380 TS:2026-4-18 21:19:44:132 PL:3232 EL:0
解析原子数据帧体:
频谱: DT:7 DL:3227 
通道序号:0  频率总数量:  起始频率:80.0000MHz  步进:25.0000kHz  频率序号:0 
帧频率数量:1601 
频谱数据: 0  -2  -15  -16  -23  -12  -11  -3  -5  -9  -4  -6  -2  -5  -9  -15  -14  -14  -10  -9  -9  -10  -9  -13  -5  -8  -8  -3  -4  -10  -11  -10  -4  -1  -4  -8  -4  0  -4  -7  -15  -8  -8  -5  -6  -8  -6  -21  -6  -1  -4  -12  -15  -9  -5  0  -9  -15  -5  -3  -4  -3  -8  -9  -7  -4  -6  -10  -6  -1  -6  -18  -6  -3  -9  -10  -9  -5  -5  -6  -4  0  -5  -9  -13  -2  0  -8  -4  -6  -4  -18  -7  -15  -14  -7  -10  -9  -4  -6  -9  -4  -11  -7  -3  -11  -8  -29  -6  -2  -20  -5  -8  -3  0  -1  -8  -29  -16  -3  2  2  -1  -4  -6  -5  -7  -3  -5  -14  -7  -8  -6  -6  -9  -13  -4  -16  -6  -8  -2  -3  -1  0  -12  -8  -17  -17  -10  -8  -8  -5  -30  -34  -2  -3  -15  -12  -6  -5  -13  -18  -12  -7  -7  -7  -20  -19  -14  -8  -4  -6  -7  -5  -2  -7  -13  -11  -14  -11  -5  -4  -5  -12  -2  -1  -5  -9  -7  -6  -15  -28  -9  -7  -7  -5  -11  -7  -7  0 
[ 2026-04-18 21:19:41:471 ] ,总的数据长度16 ：
[ 2026-04-18 21:19:41:490 ] 总长度:40
[ 2026-04-18 21:19:41:510 ] 解析原子数据帧头：
LEADER:-286331154 VER:16 STC:1776518380 TS:2026-4-18 21:19:44:132 PL:16 EL:0
解析原子数据帧体:
电平数据: DT:101 DL:11 
 中心频率:100.0000MHz  信号电平:59 
[ 2026-04-18 21:19:41:564 ] ,总的数据长度12 ：
[ 2026-04-18 21:19:41:582 ] 总长度:36
[ 2026-04-18 21:19:41:601 ] ,ITU数据11 nPos = 29
[ 2026-04-18 21:19:41:623 ] 解析原子数据帧头：
LEADER:-286331154 VER:16 STC:1776518380 TS:2026-4-18 21:19:44:132 PL:12 EL:0
解析原子数据帧体:
ITU数据:,DT:8 DL:7 ：
数据项个数:1  [信号电平1: 5.9200] 
[ 2026-04-18 21:19:41:674 ] ,总的数据长度3232 ：
[ 2026-04-18 21:19:41:695 ] 总长度:3256
[ 2026-04-18 21:19:41:719 ] 解析原子数据帧头：
LEADER:-286331154 VER:1 STC:1776518380 TS:2026-4-18 21:19:44:132 PL:3232 EL:0
解析原子数据帧体:
频谱: DT:7 DL:3227 
通道序号:0  频率总数量:  起始频率:80.0000MHz  步进:25.0000kHz  频率序号:0 
帧频率数量:1601 
频谱数据: -13  -6  -3  -4  -3  -2  -4  -4  -5  -11  -14  -7  -13  -8  -9  -18  -7  -5  -20  -5  -3  -6  -16  -17  -11  -8  -5  -4  -19  -4  -3  -9  -4  -15  -5  -10  -10  -7  -5  -2  1  1  -3  -8  -4  -17  -20  -11  -7  -6  -4  -2  -6  -23  -10  -8  -6  -3  -7  -8  -4  -6  -10  -11  -8  -10  -23  -5  -2  -6  -3  -1  -2  -5  -16  -12  -11  -8  -4  -7  -10  -19  -6  -5  -8  -4  -1  -4  -21  -7  -7  1  1  -9  -10  -8  -5  -15  -12  -12  -10  -6  -14  -8  -6  -14  -6  0  2  -4  -13  -8  -17  -5  -21  -2  -3  -6  -11  -10  -12  -4  -6  -7  -5  -6  -1  -6  -14  -12  -16  -11  -5  -1  -8  -13  -13  -7  -10  -6  -3  -2  -5  -8  -6  -9  -4  0  -2  -6  -5  -6  -13  -5  -4  -12  -10  -6  -13  -4  -1  -5  -4  -2  0  -2  -24  -7  -13  -20  -6  -7  -13  -4  -3  -2  -8  -10  -10  -9  -5  -8  -3  -3  -16  -5  -4  -10  -9  -4  -5  -19  -17  -7  -12  -6  -13  -8  -8  -15 
[ 2026-04-18 21:19:41:783 ] ,总的数据长度16 ：
[ 2026-04-18 21:19:41:806 ] 总长度:40
[ 2026-04-18 21:19:41:827 ] 解析原子数据帧头：
LEADER:-286331154 VER:16 STC:1776518380 TS:2026-4-18 21:19:44:132 PL:16 EL:0
解析原子数据帧体:
电平数据: DT:101 DL:11 
 中心频率:100.0000MHz  信号电平:50 
[ 2026-04-18 21:19:41:891 ] ,总的数据长度12 ：
[ 2026-04-18 21:19:41:915 ] 总长度:36
[ 2026-04-18 21:19:41:939 ] ,ITU数据11 nPos = 29
[ 2026-04-18 21:19:41:963 ] 解析原子数据帧头：
LEADER:-286331154 VER:16 STC:1776518380 TS:2026-4-18 21:19:44:132 PL:12 EL:0
解析原子数据帧体:
ITU数据:,DT:8 DL:7 ：
数据项个数:1  [信号电平1: 5.0000] 
[ 2026-04-18 21:19:42:015 ] ,总的数据长度3232 ：
[ 2026-04-18 21:19:42:041 ] 总长度:3256
[ 2026-04-18 21:19:42:069 ] 解析原子数据帧头：
LEADER:-286331154 VER:1 STC:1776518380 TS:2026-4-18 21:19:44:241 PL:3232 EL:0
解析原子数据帧体:
频谱: DT:7 DL:3227 
通道序号:0  频率总数量:  起始频率:80.0000MHz  步进:25.0000kHz  频率序号:0 
帧频率数量:1601 
频谱数据: -11  -5  -15  -6  -4  -24  -9  -18  -4  -6  -14  -4  -2  -7  -13  -15  -14  -16  -2  -1  -20  -7  -5  -6  -7  -4  -6  -9  -7  -7  -21  -14  -16  -9  -13  -18  -13  -8  -4  -8  -13  -24  -24  -12  -7  -8  -9  -10  -10  -5  0  -3  -10  -2  -1  -7  -5  -6  -5  -13  -9  -5  -14  -2  -2  -6  -4  -5  -12  -7  -3  -3  -5  -7  -7  -14  -20  -11  -6  -8  -7  -12  -11  -7  -6  -9  -13  -11  -10  -10  -11  -12  -3  -4  -4  -4  -9  -15  -11  -6  -7  -11  -11  -9  1  2  -5  -10  -2  -3  -3  -1  -4  -3  -5  -5  -1  -1  -10  -4  -16  -15  -6  -4  -5  -5  -6  -3  -2  -4  -9  -14  -26  -19  -10  -4  -6  -11  -4  -2  0  -3  -12  -9  -17  -11  -4  -1  -3  -18  -38  -14  -16  -5  -6  -16  -3  1  -1  -9  -15  -10  -17  -12  -4  -6  -7  -6  -4  2  -3  0  -7  -13  -3  -1  -6  -10  -6  -7  -6  -6  -7  -16  -16  -16  -26  -7  -2  -1  -5  -5  -9  -5  -7  -7  -4  -5  -6  -7 
[ 2026-04-18 21:19:42:123 ] ,总的数据长度16 ：
[ 2026-04-18 21:19:42:150 ] 总长度:40
[ 2026-04-18 21:19:42:178 ] 解析原子数据帧头：
LEADER:-286331154 VER:16 STC:1776518380 TS:2026-4-18 21:19:44:241 PL:16 EL:0
解析原子数据帧体:
电平数据: DT:101 DL:11 
 中心频率:100.0000MHz  信号电平:63 
[ 2026-04-18 21:19:42:233 ] ,总的数据长度12 ：
[ 2026-04-18 21:19:42:258 ] 总长度:36
[ 2026-04-18 21:19:42:285 ] ,ITU数据11 nPos = 29
[ 2026-04-18 21:19:42:309 ] 解析原子数据帧头：
LEADER:-286331154 VER:16 STC:1776518380 TS:2026-4-18 21:19:44:241 PL:12 EL:0
解析原子数据帧体:
ITU数据:,DT:8 DL:7 ：
数据项个数:1  [信号电平1: 6.3400] 
[ 2026-04-18 21:19:42:372 ] ,总的数据长度3232 ：
[ 2026-04-18 21:19:42:406 ] 总长度:3256
[ 2026-04-18 21:19:42:438 ] 解析原子数据帧头：
LEADER:-286331154 VER:1 STC:1776518380 TS:2026-4-18 21:19:44:241 PL:3232 EL:0
解析原子数据帧体:
频谱: DT:7 DL:3227 
通道序号:0  频率总数量:  起始频率:80.0000MHz  步进:25.0000kHz  频率序号:0 
帧频率数量:1601 
频谱数据: -9  -4  -5  -4  -6  -9  -7  -15  -9  -7  -7  -6  -9  -8  -2  -3  -4  -1  -4  -17  -22  -11  -9  -4  -3  -8  -6  -12  -12  -9  -6  -4  -5  -5  -3  -13  -20  -6  -5  -17  -1  1  0  -8  -14  -4  -2  -13  -4  -8  -5  -3  -10  -6  -4  -9  -7  -12  -12  -11  -9  -1  1  -3  -6  -2  -3  -17  -8  -4  -6  -7  -1  -4  -8  -8  -10  -14  -9  -12  -4  -9  -13  -9  -6  -3  -8  0  -1  -8  -7  -4  -3  -8  -5  -3  -5  -15  -14  -13  -13  -10  -10  -4  -2  -13  -11  -5  -6  -9  -11  -9  -12  0  1  -2  -15  -20  -9  -9  -9  -6  -3  -4  -7  -8  -9  -12  -17  -13  -4  -9  -9  -13  -29  -9  -4  -6  -7  -2  0  -5  -9  -5  -4  -2  -7  -14  -3  -5  -11  -7  -5  -11  -6  -2  -2  -12  -6  -2  -2  -13  -5  -1  -1  -3  -5  -6  -6  -4  -9  -8  -10  -9  -14  -2  -1  -3  -9  -10  -6  -9  -12  -2  -1  -11  -13  -19  -6  -4  -6  -7  -7  -9  -10  -3  -2  -17  -5  -3 
[ 2026-04-18 21:19:42:496 ] ,总的数据长度16 ：
[ 2026-04-18 21:19:42:523 ] 总长度:40
[ 2026-04-18 21:19:42:549 ] 解析原子数据帧头：
LEADER:-286331154 VER:16 STC:1776518380 TS:2026-4-18 21:19:44:241 PL:16 EL:0
解析原子数据帧体:
电平数据: DT:101 DL:11 
 中心频率:100.0000MHz  信号电平:44 
[ 2026-04-18 21:19:42:619 ] ,总的数据长度12 ：
[ 2026-04-18 21:19:42:648 ] 总长度:36
[ 2026-04-18 21:19:42:675 ] ,ITU数据11 nPos = 29
[ 2026-04-18 21:19:42:704 ] 解析原子数据帧头：
LEADER:-286331154 VER:16 STC:1776518380 TS:2026-4-18 21:19:44:241 PL:12 EL:0
解析原子数据帧体:
ITU数据:,DT:8 DL:7 ：
数据项个数:1  [信号电平1: 4.4300] 
[ 2026-04-18 21:19:42:773 ] ,总的数据长度3232 ：
[ 2026-04-18 21:19:42:802 ] 总长度:3256
[ 2026-04-18 21:19:42:831 ] 解析原子数据帧头：
LEADER:-286331154 VER:1 STC:1776518380 TS:2026-4-18 21:19:44:382 PL:3232 EL:0
解析原子数据帧体:
频谱: DT:7 DL:3227 
通道序号:0  频率总数量:  起始频率:80.0000MHz  步进:25.0000kHz  频率序号:0 
帧频率数量:1601 
频谱数据: -3  -19  -5  -7  -2  -1  -7  -3  -3  0  0  -2  0  -2  -15  -15  -19  -10  -16  -12  -10  -20  -3  -2  -5  -1  -4  -4  -3  -12  -3  -2  -10  -11  -4  -3  -3  -5  -5  -5  -4  -9  -14  -4  -8  -9  -11  -13  -7  0  -1  -8  -7  -4  -2  -3  -4  -5  -3  -6  -9  -5  -12  -2  -12  -16  -8  -6  -8  -9  -6  -18  -2  -4  -5  0  0  -9  -9  -5  -1  -10  -6  -2  -1  -4  -8  -12  -5  -3  -4  -5  -19  -13  -9  -3  -11  -3  -1  -10  -7  -1  -1  -6  -27  -4  0  -1  -4  -19  -11  -9  -11  -19  -9  -4  -4  -6  -3  -8  -7  -1  0  0  -5  -10  -5  -5  -15  -13  -5  -2  -2  -5  -9  -5  -4  -7  -7  -3  -8  -6  -4  -10  -1  -3  -4  -4  -19  -7  -17  -3  0  -6  -12  -8  -3  -2  -9  -9  -8  -7  -3  -5  -6  -3  -8  -5  -4  -8  -4  -5  -11  -8  -4  -6  -4  -7  -12  -13  -4  -4  -17  -12  -11  -7  -10  -7  -16  -9  -25  -14  -18  -5  -2  -2  -2  -4  -19  -12 
[ 2026-04-18 21:19:42:897 ] ,总的数据长度16 ：
[ 2026-04-18 21:19:42:929 ] 总长度:40
[ 2026-04-18 21:19:42:960 ] 解析原子数据帧头：
LEADER:-286331154 VER:16 STC:1776518380 TS:2026-4-18 21:19:44:382 PL:16 EL:0
解析原子数据帧体:
电平数据: DT:101 DL:11 
 中心频率:100.0000MHz  信号电平:52 
[ 2026-04-18 21:19:43:020 ] ,总的数据长度12 ：
[ 2026-04-18 21:19:43:050 ] 总长度:36
[ 2026-04-18 21:19:43:081 ] ,ITU数据11 nPos = 29
[ 2026-04-18 21:19:43:115 ] 解析原子数据帧头：
LEADER:-286331154 VER:16 STC:1776518380 TS:2026-4-18 21:19:44:382 PL:12 EL:0
解析原子数据帧体:
ITU数据:,DT:8 DL:7 ：
数据项个数:1  [信号电平1: 5.2600] 
[ 2026-04-18 21:19:43:190 ] ,总的数据长度3232 ：
[ 2026-04-18 21:19:43:222 ] 总长度:3256
[ 2026-04-18 21:19:43:253 ] 关闭连接！
[ 2026-04-18 21:19:43:440 ] 停止服务成功[ 2026-04-18 21:19:43:534 ] ,总的数据长度16 ：
[ 2026-04-18 21:19:43:596 ] ,总的数据长度12 ：
